31 13 312
1 3
2 2
3 3
4 4
5 3
6 3
7 2
8 3
9 3
10 2
11 3
12 3
13 3
1 2 242
1 3 260
1 4 216
1 5 274
1 6 314
1 7 234
1 8 189
1 9 141
1 10 150
1 11 249
1 12 344
1 13 117
1 14 303
1 15 327
1 16 252
1 17 305
1 18 207
1 19 422
1 20 449
1 21 252
1 22 317
1 23 269
1 24 330
1 25 118
1 26 247
1 27 244
1 28 129
1 29 272
1 30 380
1 31 307
2 3 490
2 4 107
2 5 153
2 6 516
2 7 8
2 8 136
2 9 318
2 10 308
2 11 461
2 12 398
2 13 141
2 14 524
2 15 206
2 16 467
2 17 467
2 18 204
2 19 413
2 20 487
2 21 64
2 22 179
2 23 156
2 24 525
2 25 239
2 26 29
2 27 173
2 28 369
2 29 258
2 30 567
2 31 105
3 4 429
3 5 533
3 6 110
3 7 483
3 8 448
3 9 190
3 10 330
3 11 68
3 12 358
3 13 377
3 14 55
3 15 499
3 16 58
3 17 189
3 18 453
3 19 471
3 20 440
3 21 510
3 22 502
3 23 527
3 24 135
3 25 267
3 26 501
3 27 421
3 28 136
3 29 393
3 30 180
3 31 566
4 5 250
4 6 436
4 7 105
4 8 205
4 9 243
4 10 329
4 11 389
4 12 291
4 13 165
4 14 455
4 15 126
4 16 396
4 17 375
4 18 271
4 19 309
4 20 380
4 21 167
4 22 107
4 23 251
4 24 442
4 25 163
4 26 134
4 27 67
4 28 327
4 29 151
4 30 480
4 31 212
5 6 586
5 7 150
5 8 84
5 9 397
5 10 256
5 11 522
5 12 530
5 13 160
5 14 577
5 15 359
5 16 526
5 17 560
5 18 105
5 19 560
5 20 626
5 21 90
5 22 333
5 23 7
5 24 600
5 25 331
5 26 125
5 27 318
5 28 398
5 29 399
5 30 648
5 31 90
6 7 509
6 8 502
6 9 197
6 10 416
6 11 68
6 12 289
6 13 425
6 14 67
6 15 479
6 16 69
6 17 101
6 18 520
6 19 403
6 20 354
6 21 548
6 22 488
6 23 582
6 24 24
6 25 277
6 26 532
6 27 411
6 28 215
6 29 362
6 30 73
6 31 605
7 8 129
7 9 312
7 10 300
7 11 454
7 12 396
7 13 133
7 14 518
7 15 209
7 16 460
7 17 462
7 18 198
7 19 413
7 20 486
7 21 62
7 22 182
7 23 153
7 24 519
7 25 233
7 26 29
7 27 172
7 28 362
7 29 257
7 30 561
7 31 107
8 9 315
8 10 190
8 11 438
8 12 464
8 13 77
8 14 493
8 15 327
8 16 441
8 17 479
8 18 69
8 19 506
8 20 564
8 21 96
8 22 303
8 23 79
8 24 517
8 25 253
8 26 117
8 27 270
8 28 313
8 29 342
8 30 565
8 31 138
9 10 282
9 11 145
9 12 224
9 13 237
9 14 212
9 15 310
9 16 153
9 17 165
9 18 345
9 19 323
9 20 327
9 21 351
9 22 312
9 23 393
9 24 207
9 25 80
9 26 334
9 27 231
9 28 132
9 29 210
9 30 253
9 31 408
10 11 348
10 12 494
10 13 170
10 14 384
10 15 453
10 16 347
10 17 434
10 18 152
10 19 572
10 20 599
10 21 285
10 22 437
10 23 249
10 24 437
10 25 268
10 26 298
10 27 375
10 28 201
10 29 417
10 30 488
10 31 327
11 12 291
11 13 362
11 14 67
11 15 447
11 16 10
11 17 123
11 18 453
11 19 404
11 20 372
11 21 489
11 22 452
11 23 518
11 24 89
11 25 226
11 26 475
11 27 373
11 28 147
11 29 335
11 30 140
11 31 546
12 13 394
12 14 346
12 15 256
12 16 301
12 17 188
12 18 516
12 19 114
12 20 105
12 21 455
12 22 278
12 23 529
12 24 278
12 25 228
12 26 425
12 27 231
12 28 354
12 29 145
12 30 287
12 31 503
13 14 419
13 15 291
13 16 366
13 17 402
13 18 121
13 19 446
13 20 496
13 21 137
13 22 272
13 23 156
13 24 440
13 25 177
13 26 138
13 27 221
13 28 245
13 29 283
13 30 487
13 31 191
