43 18 603
1 3
2 3
3 3
4 3
5 3
6 3
7 2
8 3
9 4
10 4
11 3
12 2
13 3
14 3
15 2
16 3
17 2
18 3
1 2 490
1 3 107
1 4 153
1 5 516
1 6 8
1 7 136
1 8 318
1 9 308
1 10 461
1 11 398
1 12 141
1 13 524
1 14 206
1 15 467
1 16 467
1 17 204
1 18 413
1 19 487
1 20 64
1 21 179
1 22 156
1 23 525
1 24 239
1 25 29
1 26 173
1 27 369
1 28 258
1 29 567
1 30 105
1 31 121
1 32 137
1 33 185
1 34 533
1 35 132
1 36 163
1 37 317
1 38 115
1 39 519
1 40 265
1 41 440
1 42 224
1 43 92
2 3 429
2 4 533
2 5 110
2 6 483
2 7 448
2 8 190
2 9 330
2 10 68
2 11 358
2 12 377
2 13 55
2 14 499
2 15 58
2 16 189
2 17 453
2 18 471
2 19 440
2 20 510
2 21 502
2 22 527
2 23 135
2 24 267
2 25 501
2 26 421
2 27 136
2 28 393
2 29 180
2 30 566
2 31 522
2 32 375
2 33 471
2 34 198
2 35 447
2 36 438
2 37 364
2 38 432
2 39 303
2 40 320
2 41 55
2 42 292
2 43 555
3 4 250
3 5 436
3 6 105
3 7 205
3 8 243
3 9 329
3 10 389
3 11 291
3 12 165
3 13 455
3 14 126
3 15 396
3 16 375
3 17 271
3 18 309
3 19 380
3 20 167
3 21 107
3 22 251
3 23 442
3 24 163
3 25 134
3 26 67
3 27 327
3 28 151
3 29 480
3 30 212
3 31 94
3 32 156
3 33 260
3 34 442
3 35 201
3 36 227
3 37 209
3 38 10
3 39 416
3 40 281
3 41 375
3 42 216
3 43 199
4 5 586
4 6 150
4 7 84
4 8 397
4 9 256
4 10 522
4 11 530
4 12 160
4 13 577
4 14 359
4 15 526
4 16 560
4 17 105
4 18 560
4 19 626
4 20 90
4 21 333
4 22 7
4 23 600
4 24 331
4 25 125
4 26 318
4 27 398
4 28 399
4 29 648
4 30 90
4 31 272
4 32 165
4 33 78
4 34 623
4 35 85
4 36 97
4 37 452
4 38 260
4 39 632
4 40 233
4 41 492
4 42 240
4 43 91
5 6 509
5 7 502
5 8 197
5 9 416
5 10 68
5 11 289
5 12 425
5 13 67
5 14 479
5 15 69
5 16 101
5 17 520
5 18 403
5 19 354
5 20 548
5 21 488
5 22 582
5 23 24
5 24 277
5 25 532
5 26 411
5 27 215
5 28 362
5 29 73
5 30 605
5 31 522
5 32 421
5 33 534
5 34 89
5 35 501
5 36 497
5 37 318
5 38 436
5 39 202
5 40 396
5 41 107
5 42 351
5 43 592
6 7 129
6 8 312
6 9 300
6 10 454
6 11 396
6 12 133
6 13 518
6 14 209
6 15 460
6 16 462
6 17 198
6 18 413
6 19 486
6 20 62
6 21 182
6 22 153
6 23 519
6 24 233
6 25 29
6 26 172
6 27 362
6 28 257
6 29 561
6 30 107
6 31 126
6 32 129
6 33 179
6 34 528
6 35 126
6 36 156
6 37 315
6 38 114
6 39 515
6 40 257
6 41 433
6 42 216
6 43 94
7 8 315
7 9 190
7 10 438
7 11 464
7 12 77
7 13 493
7 14 327
7 15 441
7 16 479
7 17 69
7 18 506
7 19 564
7 20 96
7 21 303
7 22 79
7 23 517
7 24 253
7 25 117
7 26 270
7 27 313
7 28 342
7 29 565
7 30 138
7 31 255
7 32 84
7 33 54
7 34 541
7 35 3
7 36 27
7 37 389
7 38 216
7 39 557
7 40 157
7 41 407
7 42 155
7 43 130
8 9 282
8 10 145
8 11 224
8 12 237
8 13 212
8 14 310
8 15 153
8 16 165
8 17 345
8 18 323
8 19 327
8 20 351
8 21 312
8 22 393
8 23 207
8 24 80
8 25 334
8 26 231
8 27 132
8 28 210
8 29 253
8 30 408
8 31 333
8 32 231
8 33 354
8 34 226
8 35 313
8 36 315
8 37 197
8 38 244
8 39 257
8 40 245
8 41 134
8 42 179
8 43 395
9 10 348
9 11 494
9 12 170
9 13 384
9 14 453
9 15 347
9 16 434
9 17 152
9 18 572
9 19 599
9 20 285
9 21 437
9 22 249
9 23 437
9 24 268
9 25 298
9 26 375
9 27 201
9 28 417
9 29 488
9 30 327
9 31 409
9 32 177
9 33 179
9 34 482
9 35 192
9 36 165
9 37 440
9 38 339
9 39 537
9 40 48
9 41 309
9 42 124
9 43 320
10 11 291
10 12 362
10 13 67
10 14 447
10 15 10
10 16 123
10 17 453
10 18 404
10 19 372
10 20 489
10 21 452
10 22 518
10 23 89
10 24 226
10 25 475
10 26 373
10 27 147
10 28 335
10 29 140
10 30 546
10 31 479
10 32 359
10 33 468
10 34 143
10 35 437
10 36 432
10 37 301
10 38 390
10 39 238
10 40 328
10 41 40
10 42 285
10 43 533
11 12 394
11 13 346
11 14 256
11 15 301
11 16 188
11 17 516
11 18 114
11 19 105
11 20 455
11 21 278
11 22 529
11 23 278
11 24 228
11 25 425
11 26 231
11 27 354
11 28 145
11 29 287
11 30 503
11 31 338
11 32 385
11 33 515
11 34 236
11 35 461
11 36 476
11 37 82
11 38 284
11 39 150
11 40 451
11 41 310
11 42 375
11 43 490
12 13 419
12 14 291
12 15 366
12 16 402
12 17 121
12 18 446
12 19 496
12 20 137
12 21 272
12 22 156
12 23 440
12 24 177
12 25 138
12 26 221
12 27 245
12 28 283
12 29 487
12 30 191
12 31 239
12 32 9
12 33 122
12 34 464
12 35 76
12 36 82
12 37 323
12 38 175
12 39 480
12 40 124
12 41 333
12 42 89
12 43 180
13 14 514
13 15 59
13 16 163
13 17 501
13 18 460
13 19 418
13 20 549
13 21 520
13 22 572
13 23 90
13 24 292
13 25 537
13 26 440
13 27 186
13 28 401
13 29 130
13 30 606
13 31 546
13 32 417
13 33 519
13 34 156
13 35 492
13 36 485
13 37 365
13 38 457
13 39 270
13 40 371
13 41 85
13 42 338
13 43 594
14 15 456
14 16 397
14 17 395
14 18 227
14 19 317
14 20 270
14 21 28
14 22 362
14 23 478
14 24 241
14 25 235
14 26 83
14 27 420
14 28 121
14 29 507
14 30 300
14 31 98
14 32 282
14 33 381
14 34 461
14 35 323
14 36 350
14 37 180
14 38 115
14 39 402
14 40 404
14 41 443
14 42 335
14 43 289
15 16 132
15 17 455
15 18 414
15 19 382
15 20 494
15 21 461
15 22 521
15 23 92
15 24 233
15 25 480
15 26 381
15 27 146
15 28 345
15 29 142
15 30 551
15 31 487
15 32 363
15 33 470
15 34 149
15 35 440
15 36 435
15 37 312
15 38 398
15 39 247
15 40 328
15 41 38
15 42 288
15 43 538
16 17 510
16 18 302
16 19 254
16 20 508
16 21 411
16 22 557
16 23 89
16 24 231
16 25 487
16 26 338
16 27 244
16 28 277
16 29 109
16 30 564
16 31 453
16 32 395
16 33 520
16 34 66
16 35 477
16 36 481
16 37 226
16 38 373
16 39 116
16 40 403
16 41 156
16 42 343
16 43 551
17 18 566
17 19 618
17 20 158
17 21 372
17 22 98
17 23 537
17 24 295
17 25 184
17 26 334
17 27 316
17 28 402
17 29 587
17 30 186
17 31 324
17 32 130
17 33 27
17 34 569
17 35 73
17 36 44
17 37 445
17 38 282
17 39 597
17 40 137
17 41 418
17 42 169
17 43 183
18 19 100
18 20 476
18 21 254
18 22 561
18 23 391
18 24 304
18 25 442
18 26 241
18 27 455
18 28 164
18 29 397
18 30 516
18 31 323
18 32 437
18 33 561
18 34 345
18 35 503
18 36 523
18 37 131
18 38 300
18 39 243
18 40 525
18 41 422
18 42 448
18 43 504
