86 35 2380
1 3
2 3
3 3
4 3
5 3
6 3
7 3
8 3
9 3
10 3
11 3
12 3
13 3
14 3
15 3
16 3
17 3
18 3
19 3
20 3
21 3
22 3
23 3
24 3
25 3
26 3
27 3
28 3
29 3
30 3
31 3
32 3
33 3
34 3
35 3
1 2 231
1 3 172
1 4 329
1 5 201
1 6 246
1 7 418
1 8 190
1 9 324
1 10 338
1 11 33
1 12 315
1 13 148
1 14 192
1 15 260
1 16 215
1 17 299
1 18 157
1 19 142
1 20 372
1 21 293
1 22 294
1 23 368
1 24 304
1 25 415
1 26 196
1 27 90
1 28 348
1 29 225
1 30 162
1 31 191
1 32 237
1 33 424
1 34 332
1 35 254
1 36 380
1 37 206
1 38 336
1 39 340
1 40 170
1 41 246
1 42 226
1 43 277
1 44 146
1 45 209
1 46 411
1 47 11
1 48 204
1 49 90
1 50 235
1 51 222
1 52 251
1 53 135
1 54 262
1 55 262
1 56 183
1 57 162
1 58 95
1 59 204
1 60 309
1 61 301
1 62 275
1 63 395
1 64 302
1 65 225
1 66 418
1 67 210
1 68 222
1 69 72
1 70 94
1 71 156
1 72 467
1 73 198
1 74 354
1 75 380
1 76 27
1 77 421
1 78 179
1 79 349
1 80 121
1 81 164
1 82 199
1 83 266
1 84 306
1 85 377
1 86 218
2 3 80
2 4 297
2 5 256
2 6 289
2 7 289
2 8 334
2 9 289
2 10 209
2 11 198
2 12 85
2 13 266
2 14 415
2 15 156
2 16 307
2 17 406
2 18 266
2 19 348
2 20 199
2 21 499
2 22 520
2 23 292
2 24 394
2 25 283
2 26 354
2 27 195
2 28 295
2 29 323
2 30 121
2 31 352
2 32 406
2 33 343
2 34 378
2 35 160
2 36 220
2 37 397
2 38 209
2 39 192
2 40 367
2 41 297
2 42 452
2 43 63
2 44 228
2 45 74
2 46 333
2 47 230
2 48 93
2 49 235
2 50 317
2 51 113
2 52 352
2 53 98
2 54 427
2 55 480
2 56 147
2 57 362
2 58 238
2 59 356
2 60 157
2 61 72
2 62 115
2 63 335
2 64 401
2 65 448
2 66 290
2 67 293
2 68 321
2 69 299
2 70 176
2 71 237
2 72 421
2 73 126
2 74 327
2 75 402
2 76 258
2 77 425
2 78 64
2 79 138
2 80 328
2 81 292
2 82 142
2 83 457
2 84 107
2 85 414
2 86 174
3 4 242
3 5 260
3 6 216
3 7 274
3 8 314
3 9 234
3 10 189
3 11 141
3 12 150
3 13 249
3 14 344
3 15 117
3 16 303
3 17 327
3 18 252
3 19 305
3 20 207
3 21 422
3 22 449
3 23 252
3 24 317
3 25 269
3 26 330
3 27 118
3 28 247
3 29 244
3 30 129
3 31 272
3 32 380
3 33 307
3 34 308
3 35 115
3 36 219
3 37 362
3 38 188
3 39 183
3 40 291
3 41 223
3 42 399
3 43 107
3 44 218
3 45 38
3 46 296
3 47 175
3 48 130
3 49 203
3 50 239
3 51 67
3 52 273
3 53 43
3 54 346
3 55 405
3 56 74
3 57 286
3 58 160
3 59 334
3 60 148
3 61 135
3 62 108
3 63 291
3 64 324
3 65 397
3 66 274
3 67 215
3 68 242
3 69 232
3 70 100
3 71 228
3 72 376
3 73 154
3 74 272
3 75 337
3 76 199
3 77 365
3 78 17
3 79 176
3 80 284
3 81 212
3 82 76
3 83 378
3 84 133
3 85 346
3 86 110
4 5 490
4 6 107
4 7 153
4 8 516
4 9 8
4 10 136
4 11 318
4 12 308
4 13 461
4 14 398
4 15 141
4 16 524
4 17 206
4 18 467
4 19 467
4 20 204
4 21 413
4 22 487
4 23 64
4 24 179
4 25 156
4 26 525
4 27 239
4 28 29
4 29 173
4 30 369
4 31 258
4 32 567
4 33 105
4 34 121
4 35 137
4 36 185
4 37 533
4 38 132
4 39 163
4 40 317
4 41 115
4 42 519
4 43 265
4 44 440
4 45 224
4 46 92
4 47 339
4 48 371
4 49 405
4 50 150
4 51 184
4 52 179
4 53 273
4 54 294
4 55 426
4 56 172
4 57 319
4 58 243
4 59 532
4 60 174
4 61 298
4 62 195
4 63 68
4 64 195
4 65 525
4 66 151
4 67 156
4 68 173
4 69 341
4 70 240
4 71 451
4 72 139
4 73 396
4 74 30
4 75 116
4 76 348
4 77 129
4 78 256
4 79 266
4 80 448
4 81 210
4 82 166
4 83 353
4 84 240
4 85 136
4 86 132
5 6 429
5 7 533
5 8 110
5 9 483
5 10 448
5 11 190
5 12 330
5 13 68
5 14 358
5 15 377
5 16 55
5 17 499
5 18 58
5 19 189
5 20 453
5 21 471
5 22 440
5 23 510
5 24 502
5 25 527
5 26 135
5 27 267
5 28 501
5 29 421
5 30 136
5 31 393
5 32 180
5 33 566
5 34 522
5 35 375
5 36 471
5 37 198
5 38 447
5 39 438
5 40 364
5 41 432
5 42 303
5 43 320
5 44 55
5 45 292
5 46 555
5 47 190
5 48 166
5 49 113
5 50 429
5 51 327
5 52 449
5 53 220
5 54 462
5 55 430
5 56 318
5 57 355
5 58 290
5 59 130
5 60 402
5 61 322
5 62 359
5 63 547
5 64 502
5 65 289
5 66 533
5 67 402
5 68 419
5 69 257
5 70 258
5 71 45
5 72 628
5 73 134
5 74 519
5 75 564
5 76 205
5 77 601
5 78 251
5 79 393
5 80 180
5 81 363
5 82 328
5 83 458
5 84 363
5 85 566
5 86 359
6 7 250
6 8 436
6 9 105
6 10 205
6 11 243
6 12 329
6 13 389
6 14 291
6 15 165
6 16 455
6 17 126
6 18 396
6 19 375
6 20 271
6 21 309
6 22 380
6 23 167
6 24 107
6 25 251
6 26 442
6 27 163
6 28 134
6 29 67
6 30 327
6 31 151
6 32 480
6 33 212
6 34 94
6 35 156
6 36 260
6 37 442
6 38 201
6 39 227
6 40 209
6 41 10
6 42 416
6 43 281
6 44 375
6 45 216
6 46 199
6 47 257
6 48 341
6 49 331
6 50 46
6 51 183
6 52 81
6 53 232
6 54 194
6 55 319
6 56 142
6 57 212
6 58 152
6 59 450
6 60 220
6 61 316
6 62 221
6 63 174
6 64 118
6 65 424
6 66 248
6 67 49
6 68 67
6 69 244
6 70 171
6 71 386
6 72 229
6 73 360
6 74 120
6 75 135
6 76 260
6 77 174
6 78 233
6 79 309
6 80 358
6 81 105
6 82 147
6 83 250
6 84 271
6 85 136
6 86 119
7 8 586
7 9 150
7 10 84
7 11 397
7 12 256
7 13 522
7 14 530
7 15 160
7 16 577
7 17 359
7 18 526
7 19 560
7 20 105
7 21 560
7 22 626
7 23 90
7 24 333
7 25 7
7 26 600
7 27 331
7 28 125
7 29 318
7 30 398
7 31 399
7 32 648
7 33 90
7 34 272
7 35 165
7 36 78
7 37 623
7 38 85
7 39 97
7 40 452
7 41 260
7 42 632
7 43 233
7 44 492
7 45 240
7 46 91
7 47 425
7 48 381
7 49 473
7 50 297
7 51 207
7 52 329
7 53 317
7 54 444
7 55 567
7 56 235
7 57 452
7 58 351
7 59 605
7 60 132
7 61 253
7 62 175
7 63 117
7 64 348
7 65 636
7 66 2
7 67 296
7 68 318
7 69 451
7 70 324
7 71 503
7 72 179
7 73 413
7 74 163
7 75 251
7 76 442
7 77 242
7 78 281
7 79 190
7 80 540
7 81 342
7 82 220
7 83 500
7 84 190
7 85 276
7 86 201
8 9 509
8 10 502
8 11 197
8 12 416
8 13 68
8 14 289
8 15 425
8 16 67
8 17 479
8 18 69
8 19 101
8 20 520
8 21 403
8 22 354
8 23 548
8 24 488
8 25 582
8 26 24
8 27 277
8 28 532
8 29 411
8 30 215
8 31 362
8 32 73
8 33 605
8 34 522
8 35 421
8 36 534
8 37 89
8 38 501
8 39 497
8 40 318
8 41 436
8 42 202
8 43 396
8 44 107
8 45 351
8 46 592
8 47 179
8 48 256
8 49 113
8 50 424
8 51 379
8 52 436
8 53 270
8 54 421
8 55 357
8 56 355
8 57 308
8 58 285
8 59 21
8 60 462
8 61 406
8 62 421
8 63 579
8 64 484
8 65 186
8 66 586
8 67 399
8 68 408
8 69 216
8 70 275
8 71 101
8 72 654
8 73 227
8 74 542
8 75 570
8 76 178
8 77 611
8 78 311
8 79 472
8 80 103
8 81 350
8 82 368
8 83 402
8 84 436
8 85 567
8 86 395
9 10 129
9 11 312
9 12 300
9 13 454
9 14 396
9 15 133
9 16 518
9 17 209
9 18 460
9 19 462
9 20 198
9 21 413
9 22 486
9 23 62
9 24 182
9 25 153
9 26 519
9 27 233
9 28 29
9 29 172
9 30 362
9 31 257
9 32 561
9 33 107
9 34 126
9 35 129
9 36 179
9 37 528
9 38 126
9 39 156
9 40 315
9 41 114
9 42 515
9 43 257
9 44 433
9 45 216
9 46 94
9 47 333
9 48 363
9 49 398
9 50 150
9 51 176
9 52 179
9 53 266
9 54 295
9 55 425
9 56 165
9 57 317
9 58 238
9 59 526
9 60 166
9 61 290
9 62 187
9 63 72
9 64 198
9 65 521
9 66 148
9 67 155
9 68 172
9 69 337
9 70 234
9 71 444
9 72 146
9 73 388
9 74 38
9 75 123
9 76 343
9 77 137
9 78 248
9 79 259
9 80 443
9 81 208
9 82 158
9 83 353
9 84 232
9 85 143
9 86 124
10 11 315
10 12 190
10 13 438
10 14 464
10 15 77
10 16 493
10 17 327
10 18 441
10 19 479
10 20 69
10 21 506
10 22 564
10 23 96
10 24 303
10 25 79
10 26 517
10 27 253
10 28 117
10 29 270
10 30 313
10 31 342
10 32 565
10 33 138
10 34 255
10 35 84
10 36 54
10 37 541
10 38 3
10 39 27
10 40 389
10 41 216
10 42 557
10 43 157
10 44 407
10 45 155
10 46 130
10 47 344
10 48 299
10 49 389
10 50 251
10 51 122
10 52 287
10 53 232
10 54 397
10 55 507
10 56 155
10 57 389
10 58 278
10 59 521
10 60 53
10 61 183
10 62 93
10 63 141
10 64 317
10 65 559
10 66 84
10 67 243
10 68 269
10 69 376
10 70 244
10 71 418
10 72 224
10 73 330
10 74 159
10 75 251
10 76 363
10 77 257
10 78 196
10 79 135
10 80 459
10 81 281
10 82 139
10 83 449
10 84 120
10 85 273
10 86 125
11 12 282
11 13 145
11 14 224
11 15 237
11 16 212
11 17 310
11 18 153
11 19 165
11 20 345
11 21 323
11 22 327
11 23 351
11 24 312
11 25 393
11 26 207
11 27 80
11 28 334
11 29 231
11 30 132
11 31 210
11 32 253
11 33 408
11 34 333
11 35 231
11 36 354
11 37 226
11 38 313
11 39 315
11 40 197
11 41 244
11 42 257
11 43 245
11 44 134
11 45 179
11 46 395
11 47 33
11 48 172
11 49 88
11 50 239
11 51 196
11 52 259
11 53 103
11 54 283
11 55 294
11 56 161
11 57 189
11 58 100
11 59 214
11 60 283
11 61 268
11 62 246
11 63 382
11 64 312
11 65 255
11 66 396
11 67 212
11 68 228
11 69 105
11 70 78
11 71 145
11 72 457
11 73 169
11 74 344
11 75 378
11 76 59
11 77 417
11 78 147
11 79 317
11 80 145
11 81 173
11 82 176
11 83 293
11 84 275
11 85 378
11 86 199
12 13 348
12 14 494
12 15 170
12 16 384
12 17 453
12 18 347
12 19 434
12 20 152
12 21 572
12 22 599
12 23 285
12 24 437
12 25 249
12 26 437
12 27 268
12 28 298
12 29 375
12 30 201
12 31 417
12 32 488
12 33 327
12 34 409
12 35 177
12 36 179
12 37 482
12 38 192
12 39 165
12 40 440
12 41 339
12 42 537
12 43 48
12 44 309
12 45 124
12 46 320
12 47 315
12 48 164
12 49 320
12 50 364
12 51 147
12 52 401
12 53 179
12 54 489
12 55 556
12 56 197
12 57 436
12 58 310
12 59 438
12 60 138
12 61 14
12 62 113
12 63 330
12 64 447
12 65 533
12 66 257
12 67 344
12 68 373
12 69 380
12 70 250
12 71 317
12 72 414
12 73 196
12 74 337
12 75 422
12 76 342
12 77 437
12 78 138
12 79 71
12 80 414
12 81 354
12 82 186
12 83 525
12 84 70
12 85 438
12 86 209
13 14 291
13 15 362
13 16 67
13 17 447
13 18 10
13 19 123
13 20 453
13 21 404
13 22 372
13 23 489
13 24 452
13 25 518
13 26 89
13 27 226
13 28 475
13 29 373
13 30 147
13 31 335
13 32 140
13 33 546
13 34 479
13 35 359
13 36 468
13 37 143
13 38 437
13 39 432
13 40 301
13 41 390
13 42 238
13 43 328
13 44 40
13 45 285
13 46 533
13 47 136
13 48 188
13 49 58
13 50 383
13 51 315
13 52 399
13 53 205
13 54 401
13 55 363
13 56 295
13 57 292
13 58 242
13 59 90
13 60 397
13 61 337
13 62 355
13 63 522
13 64 450
13 65 225
13 66 522
13 67 356
13 68 370
13 69 194
13 70 221
13 71 36
13 72 600
13 73 161
13 74 488
13 75 524
13 76 145
13 77 563
13 78 244
13 79 404
13 80 112
13 81 312
13 82 307
13 83 393
13 84 368
13 85 523
13 86 335
14 15 394
14 16 346
14 17 256
14 18 301
14 19 188
14 20 516
14 21 114
14 22 105
14 23 455
14 24 278
14 25 529
14 26 278
14 27 228
14 28 425
14 29 231
14 30 354
14 31 145
14 32 287
14 33 503
14 34 338
14 35 385
14 36 515
14 37 236
14 38 461
14 39 476
14 40 82
14 41 284
14 42 150
14 43 451
14 44 310
14 45 375
14 46 490
14 47 198
14 48 396
14 49 252
14 50 252
14 51 373
14 52 239
14 53 317
14 54 161
14 55 72
14 56 320
14 57 79
14 58 191
14 59 289
14 60 452
14 61 479
14 62 428
14 63 466
14 64 266
14 65 165
14 66 529
14 67 241
14 68 229
14 69 119
14 70 244
14 71 316
14 72 514
14 73 389
14 74 411
14 75 392
14 76 171
14 77 437
14 78 355
14 79 514
14 80 186
14 81 188
14 82 337
14 83 120
14 84 470
14 85 377
14 86 339
15 16 419
15 17 291
15 18 366
15 19 402
15 20 121
15 21 446
15 22 496
15 23 137
15 24 272
15 25 156
15 26 440
15 27 177
15 28 138
15 29 221
15 30 245
15 31 283
15 32 487
15 33 191
15 34 239
15 35 9
15 36 122
15 37 464
15 38 76
15 39 82
15 40 323
15 41 175
15 42 480
15 43 124
15 44 333
15 45 89
15 46 180
15 47 266
15 48 238
15 49 313
15 50 206
15 51 49
15 52 244
15 53 158
15 54 345
15 55 442
15 56 78
15 57 322
15 58 205
15 59 445
15 60 60
15 61 158
15 62 57
15 63 179
15 64 284
15 65 482
15 66 160
15 67 191
15 68 220
15 69 301
15 70 167
15 71 344
15 72 265
15 73 267
15 74 172
15 75 252
15 76 285
15 77 271
15 78 127
15 79 144
15 80 381
15 81 219
15 82 61
15 83 392
15 84 107
15 85 268
15 86 56
16 17 514
16 18 59
16 19 163
16 20 501
16 21 460
16 22 418
16 23 549
16 24 520
16 25 572
16 26 90
16 27 292
16 28 537
16 29 440
16 30 186
16 31 401
16 32 130
16 33 606
16 34 546
16 35 417
16 36 519
16 37 156
16 38 492
16 39 485
16 40 365
16 41 457
16 42 270
16 43 371
16 44 85
16 45 338
16 46 594
16 47 203
16 48 219
16 49 125
16 50 450
16 51 370
16 52 467
16 53 261
16 54 466
16 55 416
16 56 356
16 57 355
16 58 309
16 59 83
16 60 448
16 61 375
16 62 406
16 63 584
16 64 518
16 65 254
16 66 577
16 67 424
16 68 437
16 69 258
16 70 286
16 71 74
16 72 664
16 73 188
16 74 552
16 75 591
16 76 212
16 77 629
16 78 296
16 79 445
16 80 160
16 81 379
16 82 367
16 83 454
16 84 413
16 85 590
16 86 397
17 18 456
17 19 397
17 20 395
17 21 227
17 22 317
17 23 270
17 24 28
17 25 362
17 26 478
17 27 241
17 28 235
17 29 83
17 30 420
17 31 121
17 32 507
17 33 300
17 34 98
17 35 282
17 36 381
17 37 461
17 38 323
17 39 350
17 40 180
17 41 115
17 42 402
17 43 404
17 44 443
17 45 335
17 46 289
17 47 311
17 48 443
17 49 390
17 50 88
17 51 306
17 52 54
17 53 333
17 54 105
17 55 254
17 56 259
17 57 188
17 58 209
17 59 488
17 60 346
17 61 439
17 62 347
17 63 259
17 64 12
17 65 415
17 66 357
17 67 112
17 68 86
17 69 264
17 70 256
17 71 454
17 72 279
17 73 456
17 74 202
17 75 147
17 76 302
17 77 190
17 78 345
17 79 435
17 80 384
17 81 136
17 82 267
17 83 167
17 84 397
17 85 126
17 86 243
18 19 132
18 20 455
18 21 414
18 22 382
18 23 494
18 24 461
18 25 521
18 26 92
18 27 233
18 28 480
18 29 381
18 30 146
18 31 345
18 32 142
18 33 551
18 34 487
18 35 363
18 36 470
18 37 149
18 38 440
18 39 435
18 40 312
18 41 398
18 42 247
18 43 328
18 44 38
18 45 288
18 46 538
18 47 145
18 48 186
18 49 66
18 50 391
18 51 318
18 52 408
18 53 209
18 54 411
18 55 373
18 56 300
18 57 302
18 58 250
18 59 91
18 60 399
18 61 337
18 62 357
18 63 528
18 64 459
18 65 233
18 66 526
18 67 365
18 68 378
18 69 204
18 70 228
18 71 31
18 72 606
18 73 158
18 74 494
18 75 532
18 76 155
18 77 570
18 78 247
18 79 404
18 80 122
18 81 321
18 82 312
18 83 403
18 84 369
18 85 531
18 86 341
19 20 510
19 21 302
19 22 254
19 23 508
19 24 411
19 25 557
19 26 89
19 27 231
19 28 487
19 29 338
19 30 244
19 31 277
19 32 109
19 33 564
19 34 453
19 35 395
19 36 520
19 37 66
19 38 477
19 39 481
19 40 226
19 41 373
19 42 116
19 43 403
19 44 156
19 45 343
19 46 551
19 47 135
19 48 289
19 49 117
19 50 354
19 51 361
19 52 360
19 53 263
19 54 328
19 55 255
19 56 325
19 57 216
19 58 224
19 59 100
19 60 448
19 61 421
19 62 411
19 63 534
19 64 404
19 65 105
19 66 560
19 67 332
19 68 336
19 69 135
19 70 236
19 71 157
19 72 602
19 73 269
19 74 490
19 75 504
19 76 119
19 77 547
19 78 307
19 79 478
19 80 20
19 81 278
19 82 341
19 83 304
19 84 437
19 85 497
19 86 360
20 21 566
20 22 618
20 23 158
20 24 372
20 25 98
20 26 537
20 27 295
20 28 184
20 29 334
20 30 316
20 31 402
20 32 587
20 33 186
20 34 324
20 35 130
20 36 27
20 37 569
20 38 73
20 39 44
20 40 445
20 41 282
20 42 597
20 43 137
20 44 418
20 45 169
20 46 183
20 47 377
20 48 292
20 49 410
20 50 316
20 51 150
20 52 353
20 53 250
20 54 461
20 55 564
20 56 196
20 57 443
20 58 326
20 59 540
20 60 63
20 61 151
20 62 99
20 63 200
20 64 385
20 65 597
20 66 107
20 67 306
20 68 333
20 69 419
20 70 282
20 71 428
20 72 277
20 73 325
20 74 226
20 75 319
20 76 398
20 77 321
20 78 208
20 79 84
20 80 490
20 81 339
20 82 179
20 83 511
20 84 92
20 85 341
20 86 177
21 22 100
21 23 476
21 24 254
21 25 561
21 26 391
21 27 304
21 28 442
21 29 241
21 30 455
21 31 164
21 32 397
21 33 516
21 34 323
21 35 437
21 36 561
21 37 345
21 38 503
21 39 523
21 40 131
21 41 300
21 42 243
21 43 525
21 44 422
21 45 448
21 46 504
21 47 301
21 48 494
21 49 363
21 50 263
21 51 437
21 52 235
21 53 403
21 54 122
21 55 50
21 56 382
21 57 137
21 58 262
21 59 402
21 60 507
21 61 557
21 62 490
21 63 476
21 64 239
21 65 261
21 66 558
21 67 264
21 68 241
21 69 221
21 70 322
21 71 428
21 72 506
21 73 491
21 74 418
21 75 374
21 76 276
21 77 417
21 78 436
21 79 580
21 80 300
21 81 227
21 82 397
21 83 61
21 84 536
21 85 353
21 86 390
22 23 547
22 24 343
22 25 626
22 26 338
22 27 333
22 28 515
22 29 315
22 30 453
22 31 229
22 32 332
22 33 592
22 34 410
22 35 487
22 36 616
22 37 282
22 38 561
22 39 577
22 40 174
22 41 372
22 42 166
22 43 556
22 44 398
22 45 481
22 46 579
22 47 298
22 48 497
22 49 343
22 50 337
22 51 477
22 52 315
22 53 422
22 54 212
22 55 63
22 56 424
22 57 175
22 58 295
22 59 348
22 60 556
22 61 585
22 62 533
22 63 553
22 64 329
22 65 185
22 66 625
22 67 331
22 68 314
22 69 222
22 70 350
22 71 402
22 72 591
22 73 488
22 74 496
22 75 463
22 76 271
22 77 507
22 78 461
22 79 619
22 80 260
22 81 283
22 82 441
22 83 151
22 84 575
22 85 444
22 86 441
23 24 243
23 25 93
23 26 559
23 27 277
23 28 35
23 29 234
23 30 381
23 31 318
23 32 604
23 33 57
23 34 182
23 35 136
23 36 134
23 37 574
23 38 94
23 39 124
23 40 375
23 41 176
23 42 569
23 43 248
23 44 463
23 45 226
23 46 44
23 47 376
23 48 375
23 49 435
23 50 212
23 51 186
23 52 242
23 53 290
23 54 357
23 55 486
23 56 193
23 57 376
23 58 288
23 59 565
23 60 146
23 61 277
23 62 179
23 63 44
23 64 258
23 65 574
23 66 87
23 67 215
23 68 235
23 69 389
23 70 274
23 71 475
23 72 130
23 73 404
23 74 73
23 75 165
23 76 389
23 77 163
23 78 264
23 79 232
23 80 489
23 81 266
23 82 182
23 83 416
23 84 214
23 85 189
23 86 153
24 25 336
24 26 489
24 27 239
24 28 208
24 29 81
24 30 416
24 31 137
24 32 520
24 33 271
24 34 69
24 35 263
24 36 357
24 37 475
24 38 300
24 39 328
24 40 199
24 41 98
24 42 422
24 43 388
24 44 447
24 45 321
24 46 261
24 47 316
24 48 437
24 49 395
24 50 78
24 51 290
24 52 53
24 53 326
24 54 132
24 55 280
24 56 246
24 57 207
24 58 212
24 59 499
24 60 325
24 61 423
24 62 329
24 63 231
24 64 16
24 65 434
24 66 331
24 67 105
24 68 84
24 69 276
24 70 253
24 71 457
24 72 251
24 73 452
24 74 174
24 75 119
24 76 310
24 77 163
24 78 334
24 79 416
24 80 396
24 81 140
24 82 253
24 83 194
24 84 379
24 85 100
24 86 227
25 26 596
25 27 328
25 28 128
25 29 319
25 30 392
25 31 399
25 32 644
25 33 97
25 34 276
25 35 161
25 36 70
25 37 620
25 38 81
25 39 90
25 40 451
25 41 262
25 42 630
25 43 226
25 44 487
25 45 234
25 46 97
25 47 422
25 48 375
25 49 469
25 50 298
25 51 202
25 52 331
25 53 312
25 54 445
25 55 567
25 56 232
25 57 452
25 58 349
25 59 601
25 60 126
25 61 245
25 62 169
25 63 122
25 64 351
25 65 633
25 66 9
25 67 296
25 68 319
25 69 449
25 70 321
25 71 498
25 72 186
25 73 407
25 74 167
25 75 256
25 76 439
25 77 247
25 78 276
25 79 182
25 80 537
25 81 342
25 82 216
25 83 501
25 84 183
25 85 281
25 86 198
26 27 285
26 28 542
26 29 413
26 30 236
26 31 359
26 32 51
26 33 616
26 34 525
26 35 435
26 36 550
26 37 65
26 38 515
26 39 513
26 40 312
26 41 441
26 42 181
26 43 416
26 44 129
26 45 368
26 46 603
26 47 186
26 48 278
26 49 127
26 50 427
26 51 394
26 52 437
26 53 287
26 54 415
26 55 344
26 56 367
26 57 303
26 58 290
26 59 11
26 60 478
26 61 426
26 62 438
26 63 589
26 64 484
26 65 165
26 66 600
26 67 403
26 68 411
26 69 214
26 70 285
26 71 124
26 72 663
26 73 250
26 74 550
26 75 575
26 76 182
26 77 616
26 78 328
26 79 492
26 80 96
26 81 352
26 82 381
26 83 393
26 84 455
26 85 570
26 86 406
27 28 257
27 29 159
27 30 179
27 31 161
27 32 328
27 33 333
27 34 255
27 35 169
27 36 299
27 37 296
27 38 251
27 39 259
27 40 173
27 41 165
27 42 303
27 43 223
27 44 212
27 45 147
27 46 320
27 47 100
27 48 207
27 49 168
27 50 163
27 51 147
27 52 188
27 53 101
27 54 237
27 55 287
27 56 98
27 57 167
27 58 43
27 59 293
27 60 231
27 61 253
27 62 202
27 63 304
27 64 241
27 65 305
27 66 330
27 67 136
27 68 156
27 69 124
27 70 18
27 71 223
27 72 377
27 73 216
27 74 264
27 75 298
27 76 112
27 77 337
27 78 131
27 79 286
27 80 212
27 81 108
27 82 116
27 83 262
27 84 241
27 85 299
27 86 130
28 29 201
28 30 376
28 31 286
28 32 585
28 33 79
28 34 148
28 35 135
28 36 162
28 37 553
28 38 114
28 39 145
28 40 344
28 41 143
28 42 542
28 43 258
28 44 452
28 45 225
28 46 65
28 47 357
28 48 374
28 49 420
28 50 179
28 51 185
28 52 208
28 53 281
28 54 323
28 55 454
28 56 182
28 57 346
28 58 264
28 59 549
28 60 161
28 61 289
28 62 188
28 63 47
28 64 223
28 65 549
28 66 123
28 67 184
28 68 201
28 69 364
28 70 256
28 71 463
28 72 128
28 73 401
28 74 42
28 75 135
28 76 368
28 77 139
28 78 260
28 79 251
28 80 468
28 81 236
28 82 173
28 83 382
28 84 229
28 85 157
28 86 141
29 30 337
29 31 86
29 32 447
29 33 277
29 34 114
29 35 212
29 36 325
29 37 404
29 38 266
29 39 290
29 40 148
29 41 58
29 42 364
29 43 326
29 44 366
29 45 254
29 46 264
29 47 236
29 48 359
29 49 315
29 50 22
29 51 228
29 52 29
29 53 249
29 54 127
29 55 253
29 56 178
29 57 152
29 58 131
29 59 423
29 60 279
29 61 361
29 62 274
29 63 238
29 64 82
29 65 374
29 66 316
29 67 30
29 68 2
29 69 203
29 70 173
29 71 376
29 72 283
29 73 373
29 74 182
29 75 167
29 76 232
29 77 212
29 78 262
29 79 364
29 80 323
29 81 61
29 82 189
29 83 182
29 84 324
29 85 158
29 86 169
30 31 335
30 32 287
30 33 437
30 34 421
30 35 245
30 36 335
30 37 285
30 38 313
30 39 302
30 40 329
30 41 332
30 42 356
30 43 185
30 44 108
30 45 158
30 46 426
30 47 156
30 48 45
30 49 127
30 50 338
30 51 195
30 52 366
30 53 97
30 54 410
30 55 425
30 56 197
30 57 321
30 58 217
30 59 237
30 60 266
30 61 191
30 62 223
30 63 421
30 64 420
30 65 348
30 66 398
30 67 312
30 68 334
30 69 235
30 70 164
30 71 116
30 72 505
30 73 37
30 74 399
30 75 457
30 76 183
30 77 489
30 78 118
30 79 259
30 80 226
30 81 287
30 82 203
30 83 424
30 84 227
30 85 463
30 86 237
31 32 386
31 33 363
31 34 193
31 35 273
31 36 397
31 37 340
31 38 339
31 39 359
31 40 63
31 41 142
31 42 285
31 43 370
31 44 338
31 45 293
31 46 350
31 47 203
31 48 367
31 49 280
31 50 108
31 51 277
31 52 93
31 53 263
31 54 75
31 55 168
31 56 222
31 57 69
31 58 119
31 59 370
31 60 343
31 61 402
31 62 329
31 63 324
31 64 129
31 65 296
31 66 397
31 67 103
31 68 85
31 69 145
31 70 179
31 71 347
31 72 368
31 73 373
31 74 268
31 75 247
31 76 189
31 77 292
31 78 288
31 79 420
31 80 264
31 81 64
31 82 237
31 83 109
31 84 376
31 85 233
31 86 227
32 33 661
32 34 560
32 35 482
32 36 600
32 37 51
32 38 563
32 39 562
32 40 334
32 41 478
32 42 168
32 43 467
32 44 180
32 45 418
32 46 648
32 47 228
32 48 329
32 49 176
32 50 462
32 51 443
32 52 469
32 53 336
32 54 436
32 55 348
32 56 414
32 57 325
32 58 328
32 59 51
32 60 528
32 61 477
32 62 488
32 63 633
32 64 514
32 65 149
32 66 648
32 67 439
32 68 444
32 69 243
32 70 330
32 71 174
32 72 704
32 73 301
32 74 591
32 75 611
32 76 220
32 77 654
32 78 378
32 79 543
32 80 123
32 81 385
32 82 428
32 83 407
32 84 505
32 85 605
32 86 452
33 34 205
33 35 192
33 36 159
33 37 630
33 38 136
33 39 162
33 40 422
33 41 220
33 42 622
33 43 295
33 44 520
33 45 280
33 46 13
33 47 433
33 48 429
33 49 492
33 50 255
33 51 241
33 52 280
33 53 346
33 54 395
33 55 530
33 56 250
33 57 424
33 58 343
33 59 622
33 60 190
33 61 321
33 62 228
33 63 40
33 64 287
33 65 628
33 66 87
33 67 262
33 68 278
33 69 443
33 70 331
33 71 531
33 72 90
33 73 458
33 74 97
33 75 173
33 76 445
33 77 155
33 78 319
33 79 268
33 80 545
33 81 315
33 82 239
33 83 455
33 84 257
33 85 199
33 86 210
34 35 231
34 36 306
34 37 519
34 38 251
34 39 281
34 40 256
34 41 90
34 42 477
34 43 362
34 44 467
34 45 304
34 46 195
34 47 344
34 48 435
34 49 420
34 50 98
34 51 267
34 52 99
34 53 326
34 54 200
34 55 346
34 56 233
34 57 262
34 58 237
34 59 534
34 60 285
34 61 397
34 62 297
34 63 165
34 64 85
34 65 488
34 66 270
34 67 122
34 68 117
34 69 318
34 70 264
34 71 478
34 72 182
34 73 454
34 74 110
34 75 54
34 76 343
34 77 99
34 78 325
34 79 378
34 80 437
34 81 174
34 82 236
34 83 263
34 84 345
34 85 44
34 86 204
35 36 130
35 37 458
35 38 82
35 39 90
35 40 314
35 41 166
35 42 473
35 43 131
35 44 331
35 45 90
35 46 181
35 47 260
35 48 239
35 49 308
35 50 197
35 51 49
35 52 234
35 53 155
35 54 336
35 55 433
35 56 71
35 57 312
35 58 196
35 59 440
35 60 69
35 61 165
35 62 65
35 63 178
35 64 275
35 65 475
35 66 165
35 67 182
35 68 210
35 69 293
35 70 160
35 71 342
35 72 263
35 73 267
35 74 167
35 75 246
35 76 279
35 77 266
35 78 127
35 79 153
35 80 375
35 81 210
35 82 54
35 83 382
35 84 115
35 85 261
35 86 46
