20 8 124
1 3
2 4
3 3
4 2
5 3
6 2
7 3
8 3
1 2 271
1 3 199
1 4 341
1 5 143
1 6 191
1 7 361
1 8 124
1 9 119
1 10 186
1 11 112
1 12 353
1 13 236
1 14 178
1 15 490
1 16 117
1 17 204
1 18 248
1 19 463
1 20 436
2 3 464
2 4 166
2 5 128
2 6 407
2 7 230
2 8 198
2 9 260
2 10 422
2 11 374
2 12 180
2 13 271
2 14 446
2 15 263
2 16 379
2 17 287
2 18 341
2 19 232
2 20 223
3 4 538
3 5 335
3 6 129
3 7 552
3 8 280
3 9 230
3 10 207
3 11 89
3 12 550
3 13 402
3 14 29
3 15 689
3 16 144
3 17 359
3 18 382
3 19 629
3 20 634
4 5 233
4 6 517
4 7 69
4 8 323
4 9 382
4 10 430
4 11 453
4 12 14
4 13 201
4 14 515
4 15 154
4 16 419
4 17 241
4 18 277
4 19 357
4 20 98
5 6 288
5 7 275
5 8 90
5 9 148
5 10 308
5 11 245
5 12 247
5 13 226
5 14 318
5 15 368
5 16 255
5 17 221
5 18 277
5 19 329
5 20 319
6 7 546
6 8 209
6 9 147
6 10 296
6 11 108
6 12 530
6 13 427
6 14 141
6 15 657
6 16 215
6 17 392
6 18 430
6 19 535
6 20 607
7 8 365
7 9 420
7 10 419
7 11 472
7 12 60
7 13 175
7 14 526
7 15 176
7 16 421
7 17 221
7 18 244
7 19 427
7 20 124
8 9 62
8 10 310
8 11 193
8 12 337
8 13 297
8 14 269
8 15 453
8 16 239
8 17 281
8 18 335
8 19 350
8 20 406
