26 10 205
1 3
2 3
3 3
4 3
5 3
6 3
7 3
8 3
9 3
10 3
1 2 231
1 3 172
1 4 329
1 5 201
1 6 246
1 7 418
1 8 190
1 9 324
1 10 338
1 11 33
1 12 315
1 13 148
1 14 192
1 15 260
1 16 215
1 17 299
1 18 157
1 19 142
1 20 372
1 21 293
1 22 294
1 23 368
1 24 304
1 25 415
1 26 196
2 3 80
2 4 297
2 5 256
2 6 289
2 7 289
2 8 334
2 9 289
2 10 209
2 11 198
2 12 85
2 13 266
2 14 415
2 15 156
2 16 307
2 17 406
2 18 266
2 19 348
2 20 199
2 21 499
2 22 520
2 23 292
2 24 394
2 25 283
2 26 354
3 4 242
3 5 260
3 6 216
3 7 274
3 8 314
3 9 234
3 10 189
3 11 141
3 12 150
3 13 249
3 14 344
3 15 117
3 16 303
3 17 327
3 18 252
3 19 305
3 20 207
3 21 422
3 22 449
3 23 252
3 24 317
3 25 269
3 26 330
4 5 490
4 6 107
4 7 153
4 8 516
4 9 8
4 10 136
4 11 318
4 12 308
4 13 461
4 14 398
4 15 141
4 16 524
4 17 206
4 18 467
4 19 467
4 20 204
4 21 413
4 22 487
4 23 64
4 24 179
4 25 156
4 26 525
5 6 429
5 7 533
5 8 110
5 9 483
5 10 448
5 11 190
5 12 330
5 13 68
5 14 358
5 15 377
5 16 55
5 17 499
5 18 58
5 19 189
5 20 453
5 21 471
5 22 440
5 23 510
5 24 502
5 25 527
5 26 135
6 7 250
6 8 436
6 9 105
6 10 205
6 11 243
6 12 329
6 13 389
6 14 291
6 15 165
6 16 455
6 17 126
6 18 396
6 19 375
6 20 271
6 21 309
6 22 380
6 23 167
6 24 107
6 25 251
6 26 442
7 8 586
7 9 150
7 10 84
7 11 397
7 12 256
7 13 522
7 14 530
7 15 160
7 16 577
7 17 359
7 18 526
7 19 560
7 20 105
7 21 560
7 22 626
7 23 90
7 24 333
7 25 7
7 26 600
8 9 509
8 10 502
8 11 197
8 12 416
8 13 68
8 14 289
8 15 425
8 16 67
8 17 479
8 18 69
8 19 101
8 20 520
8 21 403
8 22 354
8 23 548
8 24 488
8 25 582
8 26 24
9 10 129
9 11 312
9 12 300
9 13 454
9 14 396
9 15 133
9 16 518
9 17 209
9 18 460
9 19 462
9 20 198
9 21 413
9 22 486
9 23 62
9 24 182
9 25 153
9 26 519
10 11 315
10 12 190
10 13 438
10 14 464
10 15 77
10 16 493
10 17 327
10 18 441
10 19 479
10 20 69
10 21 506
10 22 564
10 23 96
10 24 303
10 25 79
10 26 517
