83 35 2275
1 3
2 3
3 3
4 3
5 4
6 3
7 2
8 3
9 3
10 3
11 3
12 3
13 3
14 3
15 4
16 2
17 4
18 3
19 3
20 3
21 4
22 2
23 2
24 2
25 3
26 4
27 2
28 2
29 3
30 3
31 3
32 3
33 3
34 3
35 2
1 2 546
1 3 209
1 4 147
1 5 296
1 6 108
1 7 530
1 8 427
1 9 141
1 10 657
1 11 215
1 12 392
1 13 430
1 14 535
1 15 607
1 16 550
1 17 516
1 18 296
1 19 20
1 20 481
1 21 423
1 22 419
1 23 218
1 24 489
1 25 282
1 26 589
1 27 493
1 28 235
1 29 185
1 30 97
1 31 499
1 32 162
1 33 395
1 34 506
1 35 307
1 36 474
1 37 124
1 38 351
1 39 384
1 40 153
1 41 322
1 42 238
1 43 532
1 44 241
1 45 475
1 46 228
1 47 560
1 48 558
1 49 444
1 50 417
1 51 419
1 52 263
1 53 454
1 54 87
1 55 154
1 56 389
1 57 523
1 58 305
1 59 532
1 60 375
1 61 459
1 62 331
1 63 386
1 64 243
1 65 585
1 66 79
1 67 472
1 68 519
1 69 206
1 70 624
1 71 98
1 72 189
1 73 149
1 74 534
1 75 306
1 76 542
1 77 342
1 78 543
1 79 250
1 80 391
1 81 424
1 82 195
1 83 308
2 3 365
2 4 420
2 5 419
2 6 472
2 7 60
2 8 175
2 9 526
2 10 176
2 11 421
2 12 221
2 13 244
2 14 427
2 15 124
2 16 46
2 17 404
2 18 258
2 19 532
2 20 142
2 21 171
2 22 354
2 23 431
2 24 173
2 25 350
2 26 52
2 27 432
2 28 321
2 29 364
2 30 469
2 31 163
2 32 411
2 33 365
2 34 99
2 35 263
2 36 343
2 37 477
2 38 273
2 39 259
2 40 445
2 41 429
2 42 349
2 43 98
2 44 307
2 45 292
2 46 339
2 47 257
2 48 178
2 49 164
2 50 246
2 51 128
2 52 378
2 53 222
2 54 512
2 55 392
2 56 312
2 57 417
2 58 247
2 59 127
2 60 419
2 61 220
2 62 225
2 63 182
2 64 423
2 65 142
2 66 596
2 67 171
2 68 376
2 69 359
2 70 200
2 71 448
2 72 412
2 73 415
2 74 18
2 75 241
2 76 306
2 77 320
2 78 375
2 79 327
2 80 269
2 81 427
2 82 404
2 83 293
3 4 62
3 5 310
3 6 193
3 7 337
3 8 297
3 9 269
3 10 453
3 11 239
3 12 281
3 13 335
3 14 350
3 15 406
3 16 380
3 17 328
3 18 107
3 19 190
3 20 342
3 21 220
3 22 226
3 23 251
3 24 282
3 25 248
3 26 414
3 27 315
3 28 51
3 29 55
3 30 114
3 31 369
3 32 48
3 33 206
3 34 307
3 35 105
3 36 421
3 37 213
3 38 267
3 39 175
3 40 79
3 41 338
3 42 191
3 43 333
3 44 119
3 45 269
3 46 162
3 47 351
3 48 351
3 49 310
3 50 208
3 51 247
3 52 250
3 53 348
3 54 222
3 55 89
3 56 186
3 57 337
3 58 119
3 59 388
3 60 208
3 61 249
3 62 139
3 63 246
3 64 267
3 65 381
3 66 281
3 67 265
3 68 325
3 69 15
3 70 417
3 71 122
3 72 204
3 73 60
3 74 350
3 75 156
3 76 337
3 77 288
3 78 347
3 79 42
3 80 182
3 81 420
3 82 43
3 83 230
4 5 298
4 6 148
4 7 396
4 8 333
4 9 223
4 10 515
4 11 219
4 12 310
4 13 359
4 14 399
4 15 467
4 16 431
4 17 377
4 18 161
4 19 128
4 20 383
4 21 281
4 22 277
4 23 229
4 24 344
4 25 247
4 26 467
4 27 360
4 28 98
4 29 63
4 30 52
4 31 406
4 32 15
4 33 255
4 34 368
4 35 165
4 36 434
4 37 171
4 38 285
4 39 236
4 40 40
4 41 327
4 42 190
4 43 393
4 44 141
4 45 328
4 46 165
4 47 412
4 48 413
4 49 348
4 50 269
4 51 298
4 52 243
4 53 377
4 54 171
4 55 66
4 56 242
4 57 386
4 58 172
4 59 430
4 60 246
4 61 311
4 62 195
4 63 285
4 64 249
4 65 443
4 66 221
4 67 327
4 68 378
4 69 62
4 70 479
4 71 70
4 72 183
4 73 7
4 74 406
4 75 195
4 76 395
4 77 297
4 78 401
4 79 104
4 80 243
4 81 417
4 82 54
4 83 244
5 6 189
5 7 437
5 8 246
5 9 179
5 10 583
5 11 84
5 12 199
5 13 198
5 14 637
5 15 527
5 16 398
5 17 613
5 18 290
5 19 299
5 20 294
5 21 395
5 22 512
5 23 78
5 24 465
5 25 77
5 26 439
5 27 610
5 28 278
5 29 255
5 30 301
5 31 294
5 32 307
5 33 500
5 34 437
5 35 322
5 36 191
5 37 172
5 38 145
5 39 419
5 40 337
5 41 28
5 42 121
5 43 460
5 44 206
5 45 522
5 46 151
5 47 567
5 48 524
5 49 260
5 50 444
5 51 310
5 52 61
5 53 228
5 54 212
5 55 232
5 56 461
5 57 624
5 58 289
5 59 339
5 60 515
5 61 466
5 62 308
5 63 240
5 64 53
5 65 524
5 66 287
5 67 448
5 68 601
5 69 295
5 70 580
5 71 249
5 72 117
5 73 292
5 74 416
5 75 233
5 76 581
5 77 101
5 78 617
5 79 320
5 80 434
5 81 128
5 82 341
5 83 132
6 7 465
6 8 334
6 9 75
6 10 602
6 11 107
6 12 295
6 13 327
6 14 543
6 15 549
6 16 469
6 17 521
6 18 243
6 19 109
6 20 389
6 21 374
6 22 419
6 23 111
6 24 445
6 25 176
6 26 509
6 27 506
6 28 193
6 29 145
6 30 127
6 31 403
6 32 162
6 33 399
6 34 448
6 35 264
6 36 366
6 37 23
6 38 249
6 39 357
6 40 178
6 41 216
6 42 137
6 43 474
6 44 167
6 45 458
6 46 135
6 47 531
6 48 514
6 49 351
6 50 389
6 51 344
6 52 155
6 53 353
6 54 40
6 55 106
6 56 377
6 57 530
6 58 250
6 59 440
6 60 394
6 61 425
6 62 276
6 63 299
6 64 136
6 65 533
6 66 126
6 67 427
6 68 518
6 69 182
6 70 579
6 71 80
6 72 81
6 73 145
6 74 462
6 75 231
6 76 524
6 77 235
6 78 540
6 79 225
6 80 367
6 81 317
6 82 203
6 83 208
7 8 205
7 9 526
7 10 145
7 11 428
7 12 246
7 13 279
7 14 367
7 15 89
7 16 105
7 17 345
7 18 235
7 19 515
7 20 185
7 21 126
7 22 299
7 23 439
7 24 114
7 25 364
7 26 108
7 27 374
7 28 298
7 29 345
7 30 447
7 31 211
7 32 385
7 33 312
7 34 41
7 35 232
7 36 385
7 37 474
7 38 294
7 39 210
7 40 416
7 41 451
7 42 353
7 43 38
7 44 298
7 45 233
7 46 338
7 47 197
7 48 120
7 49 198
7 50 193
7 51 128
7 52 391
7 53 261
7 54 506
7 55 377
7 56 260
7 57 357
7 58 225
7 59 181
7 60 367
7 61 163
7 62 200
7 63 197
7 64 434
7 65 93
7 66 586
7 67 114
7 68 316
7 69 333
7 70 152
7 71 432
7 72 414
7 73 391
7 74 43
7 75 234
7 76 246
7 77 342
7 78 315
7 79 296
7 80 218
7 81 462
7 82 373
7 83 307
8 9 374
8 10 347
8 11 262
8 12 46
8 13 76
8 14 503
8 15 292
8 16 151
8 17 478
8 18 200
8 19 417
8 20 55
8 21 217
8 22 396
8 23 269
8 24 271
8 25 184
8 26 193
8 27 492
8 28 245
8 29 270
8 30 371
8 31 73
8 32 330
8 33 395
8 34 218
8 35 225
8 36 187
8 37 333
8 38 101
8 39 285
8 40 368
8 41 254
8 42 198
8 43 236
8 44 193
8 45 367
8 46 199
8 47 376
8 48 313
8 49 16
8 50 294
8 51 100
8 52 212
8 53 67
8 54 374
8 55 283
8 56 342
8 57 490
8 58 190
8 59 106
8 60 435
8 61 294
8 62 186
8 63 51
8 64 257
8 65 298
8 66 460
8 67 257
8 68 456
8 69 284
8 70 357
8 71 336
8 72 261
8 73 326
8 74 176
8 75 140
8 76 408
8 77 145
8 78 464
8 79 272
8 80 300
8 81 256
8 82 340
8 83 131
9 10 666
9 11 115
9 12 331
9 13 353
9 14 619
9 15 611
9 16 518
9 17 597
9 18 313
9 19 152
9 20 429
9 21 443
9 22 495
9 23 111
9 24 515
9 25 197
9 26 559
9 27 582
9 28 267
9 29 220
9 30 195
9 31 439
9 32 237
9 33 475
9 34 512
9 35 337
9 36 369
9 37 57
9 38 279
9 39 431
9 40 250
9 41 200
9 42 178
9 43 538
9 44 231
9 45 533
9 46 188
9 47 603
9 48 583
9 49 391
9 50 462
9 51 400
9 52 169
9 53 381
9 54 58
9 55 181
9 56 453
9 57 606
9 58 319
9 59 479
9 60 470
9 61 497
9 62 345
9 63 347
9 64 133
9 65 598
9 66 109
9 67 497
9 68 594
9 69 258
9 70 646
9 71 153
9 72 114
9 73 220
9 74 518
9 75 291
9 76 599
9 77 254
9 78 615
9 79 300
9 80 442
9 81 301
9 82 277
9 83 243
10 11 572
10 12 390
10 13 419
10 14 361
10 15 56
10 16 215
10 17 347
10 18 362
10 19 640
10 20 318
10 21 234
10 22 344
10 23 583
10 24 175
10 25 510
10 26 189
10 27 385
10 28 422
10 29 472
10 30 567
10 31 339
10 32 502
10 33 365
10 34 154
10 35 351
10 36 520
10 37 612
10 38 440
10 39 293
10 40 529
10 41 596
10 42 497
10 43 128
10 44 435
10 45 260
10 46 480
10 47 174
10 48 113
10 49 338
10 50 264
10 51 274
10 52 536
10 53 398
10 54 642
10 55 507
10 56 324
10 57 356
10 58 354
10 59 299
10 60 422
10 61 221
10 62 328
10 63 343
10 64 579
10 65 72
10 66 719
10 67 190
10 68 315
10 69 453
10 70 65
10 71 561
10 72 557
10 73 511
10 74 172
10 75 375
10 76 233
10 77 487
10 78 302
10 79 411
10 80 295
10 81 603
10 82 483
10 83 452
11 12 217
11 13 237
11 14 581
11 15 517
11 16 409
11 17 556
11 18 242
11 19 216
11 20 315
11 21 363
11 22 454
11 23 12
11 24 435
11 25 81
11 26 451
11 27 550
11 28 216
11 29 184
11 30 218
11 31 324
11 32 229
11 33 439
11 34 420
11 35 272
11 36 261
11 37 92
11 38 164
11 39 371
11 40 257
11 41 112
11 42 76
11 43 445
11 44 154
11 45 475
11 46 99
11 47 532
11 48 500
11 49 278
11 50 399
11 51 300
11 52 54
11 53 265
11 54 134
11 55 155
11 56 405
11 57 567
11 58 244
11 59 365
11 60 448
11 61 427
11 62 268
11 63 239
11 64 31
11 65 508
11 66 216
11 67 417
11 68 548
11 69 225
11 70 560
11 71 166
11 72 36
11 73 213
11 74 415
11 75 201
11 76 538
11 77 138
11 78 566
11 79 256
11 80 384
11 81 211
11 82 266
11 83 130
12 13 56
12 14 520
12 15 335
12 16 198
12 17 495
12 18 195
12 19 384
12 20 98
12 21 240
12 22 407
12 23 224
12 24 300
12 25 138
12 26 240
12 27 505
12 28 230
12 29 247
12 30 344
12 31 108
12 32 308
12 33 403
12 34 254
12 35 225
12 36 163
12 37 292
12 38 54
12 39 298
12 40 347
12 41 208
12 42 158
12 43 275
12 44 168
12 45 387
12 46 163
12 47 406
12 48 348
12 49 61
12 50 311
12 51 129
12 52 167
12 53 67
12 54 334
12 55 254
12 56 352
12 57 507
12 58 187
12 59 148
12 60 439
12 61 318
12 62 189
12 63 59
12 64 211
12 65 338
12 66 420
12 67 285
12 68 475
12 69 267
12 70 396
12 71 304
12 72 219
12 73 303
12 74 220
12 75 128
12 76 434
12 77 98
12 78 485
12 79 263
12 80 313
12 81 218
12 82 324
12 83 88
13 14 574
13 15 365
13 16 212
13 17 548
13 18 252
13 19 424
13 20 103
13 21 291
13 22 462
13 23 242
13 24 347
13 25 156
13 26 252
13 27 560
13 28 285
13 29 297
13 30 390
13 31 96
13 32 359
13 33 459
13 34 294
13 35 281
13 36 111
13 37 321
13 38 78
13 39 353
13 40 398
13 41 199
13 42 192
13 43 312
13 44 218
13 45 439
13 46 204
13 47 452
13 48 389
13 49 81
13 50 364
13 51 176
13 52 183
13 53 29
13 54 364
13 55 301
13 56 408
13 57 561
13 58 243
13 59 143
13 60 495
13 61 368
13 62 245
13 63 112
13 64 224
13 65 373
13 66 450
13 67 333
13 68 528
13 69 320
13 70 432
13 71 347
13 72 247
13 73 352
13 74 247
13 75 184
13 76 483
13 77 101
13 78 537
13 79 318
13 80 368
13 81 183
13 82 378
13 83 121
14 15 356
14 16 470
14 17 25
14 18 349
14 19 515
14 20 515
14 21 286
14 22 126
14 23 593
14 24 254
14 25 563
14 26 474
14 27 47
14 28 364
14 29 402
14 30 440
14 31 546
14 32 383
14 33 144
14 34 327
14 35 315
14 36 683
14 37 564
14 38 540
14 39 223
14 40 382
14 41 663
14 42 517
14 43 331
14 44 431
14 45 138
14 46 487
14 47 188
14 48 265
14 49 506
14 50 209
14 51 403
14 52 576
14 53 570
14 54 570
14 55 440
14 56 176
14 57 13
14 58 351
14 59 533
14 60 162
14 61 213
14 62 338
14 63 461
14 64 604
14 65 317
14 66 614
14 67 259
14 68 50
14 69 362
14 70 296
14 71 468
14 72 548
14 73 401
14 74 409
14 75 413
14 76 129
14 77 580
14 78 58
14 79 325
14 80 208
14 81 721
14 82 344
14 83 522
15 16 167
15 17 338
15 18 311
15 19 590
15 20 266
15 21 186
15 22 319
15 23 527
15 24 137
15 25 453
15 26 146
15 27 374
15 28 372
15 29 421
15 30 519
15 31 287
15 32 455
15 33 337
15 34 101
15 35 302
15 36 467
15 37 558
15 38 384
15 39 254
15 40 483
15 41 540
15 42 441
15 43 74
15 44 381
15 45 239
15 46 424
15 47 169
15 48 91
15 49 283
15 50 228
15 51 217
15 52 480
15 53 344
15 54 588
15 55 456
15 56 292
15 57 349
15 58 302
15 59 251
15 60 395
15 61 187
15 62 276
15 63 286
15 64 523
15 65 38
15 66 667
15 67 148
15 68 307
15 69 404
15 70 80
15 71 510
15 72 501
15 73 463
15 74 118
15 75 320
15 76 227
15 77 431
15 78 298
15 79 364
15 80 258
15 81 548
15 82 438
15 83 396
16 17 447
16 18 272
16 19 537
16 20 108
16 21 204
16 22 392
16 23 418
16 24 215
16 25 334
16 26 42
16 27 473
16 28 333
16 29 373
16 30 478
16 31 124
16 32 424
16 33 401
16 34 142
16 35 282
16 36 306
16 37 472
16 38 253
16 39 291
16 40 459
16 41 405
16 42 340
16 43 143
16 44 308
16 45 334
16 46 333
16 47 302
16 48 224
16 49 138
16 50 282
16 51 133
16 52 362
16 53 187
16 54 509
16 55 397
16 56 346
16 57 459
16 58 261
16 59 84
16 60 453
16 61 260
16 62 242
16 63 171
16 64 407
16 65 188
16 66 594
16 67 212
16 68 419
16 69 372
16 70 245
16 71 453
16 72 404
16 73 426
16 74 61
16 75 243
16 76 351
16 77 297
16 78 419
16 79 344
16 80 303
16 81 395
16 82 421
16 83 278
17 18 323
17 19 495
17 20 491
17 21 261
17 22 102
17 23 568
17 24 231
17 25 538
17 26 453
17 27 42
17 28 340
17 29 379
17 30 420
17 31 522
17 32 362
17 33 122
17 34 305
17 35 290
17 36 658
17 37 541
17 38 515
17 39 198
17 40 362
17 41 638
17 42 492
17 43 310
17 44 406
17 45 114
17 46 463
17 47 172
17 48 247
17 49 481
17 50 184
17 51 378
17 52 551
17 53 545
17 54 548
17 55 417
17 56 152
17 57 12
17 58 326
17 59 510
17 60 146
17 61 189
17 62 312
17 63 436
17 64 579
17 65 299
17 66 594
17 67 236
17 68 31
17 69 339
17 70 282
17 71 447
17 72 524
17 73 379
17 74 387
17 75 388
17 76 113
17 77 555
17 78 49
17 79 301
17 80 183
17 81 696
17 82 324
17 83 496
18 19 280
18 20 240
18 21 131
18 22 226
18 23 254
18 24 202
18 25 214
18 26 306
18 27 325
18 28 63
18 29 110
18 30 211
18 31 269
18 32 152
18 33 216
18 34 210
18 35 33
18 36 352
18 37 257
18 38 199
18 39 129
18 40 187
18 41 314
18 42 171
18 43 236
18 44 88
18 45 233
18 46 144
18 47 291
18 48 270
18 49 212
18 50 156
18 51 140
18 52 229
18 53 259
18 54 281
18 55 145
18 56 172
18 57 335
18 58 11
18 59 283
18 60 245
18 61 186
18 62 35
18 63 149
18 64 261
18 65 291
18 66 356
18 67 184
18 68 311
18 69 100
18 70 335
18 71 198
18 72 216
18 73 156
18 74 244
18 75 69
18 76 295
18 77 234
18 78 327
18 79 74
18 80 143
18 81 375
18 82 149
18 83 174
19 20 471
19 21 406
19 22 399
19 23 220
19 24 471
19 25 279
19 26 576
19 27 473
19 28 218
19 29 169
19 30 77
19 31 490
19 32 143
19 33 375
19 34 490
19 35 289
19 36 472
19 37 128
19 38 345
19 39 365
19 40 133
19 41 325
19 42 232
19 43 516
19 44 229
19 45 455
19 46 220
19 47 541
19 48 540
19 49 434
19 50 398
19 51 405
19 52 262
19 53 447
19 54 95
19 55 140
19 56 369
19 57 502
19 58 289
19 59 522
19 60 355
19 61 440
19 62 315
19 63 376
19 64 245
19 65 568
19 66 99
19 67 454
19 68 499
19 69 188
19 70 606
19 71 84
19 72 188
19 73 130
19 74 520
19 75 293
19 76 522
19 77 338
19 78 523
19 79 232
19 80 372
19 81 427
19 82 175
19 83 302
20 21 230
20 22 417
20 23 323
20 24 271
20 25 236
20 26 148
20 27 509
20 28 291
20 29 320
20 30 423
20 31 31
20 32 378
20 33 420
20 34 208
20 35 262
20 36 201
20 37 388
20 38 152
20 39 307
20 40 416
20 41 298
20 42 253
20 43 221
20 44 245
20 45 377
20 46 254
20 47 372
20 48 302
20 49 38
20 50 310
20 51 116
20 52 265
20 53 79
20 54 429
20 55 336
20 56 365
20 57 504
20 58 229
20 59 51
20 60 464
20 61 303
20 62 220
20 63 98
20 64 309
20 65 278
20 66 515
20 67 260
20 68 467
20 69 331
20 70 337
20 71 389
20 72 316
20 73 376
20 74 148
20 75 188
20 76 411
20 77 192
20 78 472
20 79 315
20 80 322
20 81 286
20 82 386
20 83 185
21 22 190
21 23 375
21 24 72
21 25 317
21 26 224
21 27 279
21 28 188
21 29 239
21 30 333
21 31 261
21 32 269
21 33 197
21 34 90
21 35 116
21 36 402
21 37 387
21 38 271
21 39 87
21 40 297
21 41 415
21 42 287
21 43 113
21 44 213
21 45 149
21 46 264
21 47 172
21 48 139
21 49 220
21 50 81
21 51 117
21 52 338
21 53 285
21 54 413
21 55 275
21 56 142
21 57 274
21 58 124
21 59 252
21 60 249
21 61 77
21 62 98
21 63 181
21 64 377
21 65 162
21 66 487
21 67 54
21 68 238
21 69 219
21 70 204
21 71 328
21 72 340
21 73 277
21 74 153
21 75 163
21 76 194
21 77 316
21 78 246
21 79 177
21 80 98
21 81 453
21 82 252
21 83 265
22 23 466
22 24 188
22 25 439
22 26 406
22 27 99
22 28 238
22 29 277
22 30 322
22 31 448
22 32 262
22 33 26
22 34 258
22 35 192
22 36 569
22 37 439
22 38 421
22 39 110
22 40 266
22 41 538
22 42 391
22 43 270
22 44 306
22 45 84
22 46 362
22 47 181
22 48 231
22 49 402
22 50 109
22 51 301
22 52 451
22 53 462
22 54 447
22 55 314
22 56 54
22 57 112
22 58 230
22 59 443
22 60 79
22 61 136
22 62 219
22 63 350
22 64 478
22 65 281
22 66 497
22 67 184
22 68 100
22 69 237
22 70 285
22 71 346
22 72 422
22 73 279
22 74 336
22 75 292
22 76 139
22 77 459
22 78 124
22 79 198
22 80 95
22 81 600
22 82 224
22 83 400
23 24 447
23 25 87
23 26 460
23 27 561
23 28 228
23 29 195
23 30 226
23 31 330
23 32 239
23 33 451
23 34 431
23 35 285
23 36 261
23 37 94
23 38 171
23 39 383
23 40 266
23 41 105
23 42 87
23 43 456
23 44 166
23 45 487
23 46 111
23 47 544
23 48 511
23 49 285
23 50 411
23 51 310
23 52 58
23 53 271
23 54 136
23 55 165
23 56 417
23 57 579
23 58 257
23 59 372
23 60 459
23 61 439
23 62 280
23 63 249
23 64 25
23 65 519
23 66 215
23 67 429
23 68 560
23 69 236
23 70 571
23 71 174
23 72 46
23 73 223
23 74 425
23 75 212
23 76 550
23 77 142
23 78 578
23 79 268
23 80 396
23 81 206
23 82 276
23 83 139
24 25 388
24 26 222
24 27 259
24 28 256
24 29 307
24 30 396
24 31 300
24 32 330
24 33 204
24 34 73
24 35 183
24 36 458
24 37 459
24 38 336
24 39 118
24 40 355
24 41 484
24 42 360
24 43 82
24 44 285
24 45 119
24 46 337
24 47 105
24 48 69
24 49 270
24 50 91
24 51 171
24 52 409
24 53 336
24 54 483
24 55 344
24 56 156
24 57 244
24 58 196
24 59 282
24 60 261
24 61 51
24 62 170
24 63 241
24 64 449
24 65 104
24 66 555
24 67 18
24 68 204
24 69 283
24 70 135
24 71 395
24 72 413
24 73 341
24 74 155
24 75 235
24 76 140
24 77 383
24 78 204
24 79 239
24 80 121
24 81 517
24 82 308
24 83 334
25 26 376
25 27 537
25 28 210
25 29 195
25 30 262
25 31 243
25 32 253
25 33 427
25 34 361
25 35 247
25 36 193
25 37 167
25 38 84
25 39 343
25 40 288
25 41 100
25 42 57
25 43 386
25 44 135
25 45 445
25 46 85
25 47 490
25 48 447
25 49 199
25 50 367
25 51 236
25 52 28
25 53 184
25 54 210
25 55 181
25 56 386
25 57 549
25 58 212
25 59 286
25 60 446
25 61 388
25 62 231
25 63 168
25 64 73
25 65 449
25 66 294
25 67 370
25 68 525
25 69 232
25 70 504
25 71 213
25 72 94
25 73 240
25 74 346
25 75 155
25 76 504
25 77 59
25 78 541
25 79 251
25 80 357
25 81 172
25 82 283
25 83 57
26 27 482
26 28 368
26 29 409
26 30 515
26 31 160
26 32 458
26 33 418
26 34 149
26 35 313
26 36 341
26 37 513
26 38 295
26 39 311
26 40 493
26 41 446
26 42 381
26 43 143
26 44 347
26 45 341
26 46 374
26 47 298
26 48 217
26 49 179
26 50 298
26 51 170
26 52 404
26 53 226
26 54 550
26 55 435
26 56 364
26 57 465
26 58 295
26 59 115
26 60 472
26 61 271
26 62 274
26 63 212
26 64 449
26 65 174
26 66 635
26 67 222
26 68 424
26 69 407
26 70 227
26 71 491
26 72 445
26 73 461
26 74 70
26 75 282
26 76 351
26 77 338
26 78 421
26 79 376
26 80 321
26 81 433
26 82 454
26 83 320
27 28 333
27 29 369
27 30 399
27 31 541
27 32 345
27 33 111
27 34 333
27 35 291
27 36 668
27 37 527
27 38 521
27 39 207
27 40 341
27 41 636
27 42 489
27 43 340
27 44 403
27 45 140
27 46 459
27 47 211
27 48 282
27 49 497
27 50 199
27 51 394
27 52 548
27 53 559
27 54 531
27 55 405
27 56 154
27 57 39
27 58 329
27 59 531
27 60 117
27 61 213
27 62 318
27 63 448
27 64 574
27 65 335
27 66 572
27 67 261
27 68 71
27 69 328
27 70 321
27 71 430
27 72 516
27 73 362
27 74 414
27 75 392
27 76 153
27 77 559
27 78 92
27 79 293
27 80 191
27 81 700
27 82 305
27 83 499
28 29 50
28 30 148
28 31 318
28 32 90
28 33 222
28 34 272
28 35 72
28 36 374
28 37 210
28 38 219
28 39 163
28 40 126
28 41 305
28 42 157
28 43 298
28 44 76
28 45 265
28 46 127
28 47 337
28 48 325
28 49 259
28 50 195
28 51 200
28 52 217
28 53 298
28 54 229
28 55 89
28 56 190
28 57 351
28 58 73
28 59 337
28 60 236
28 61 232
28 62 97
28 63 195
28 64 240
28 65 350
28 66 299
28 67 238
28 68 333
28 69 39
28 70 391
28 71 139
28 72 184
28 73 93
28 74 307
28 75 105
28 76 331
28 77 244
28 78 352
28 79 41
28 80 174
28 81 380
28 82 95
28 83 185
29 30 105
29 31 343
29 32 62
29 33 259
29 34 320
29 35 123
29 36 376
29 37 163
29 38 224
29 39 212
29 40 100
29 41 283
29 42 138
29 43 346
29 44 78
29 45 312
29 46 110
29 47 386
29 48 376
29 49 285
29 50 244
29 51 239
29 52 196
29 53 314
29 54 179
29 55 39
29 56 233
29 57 389
29 58 119
29 59 368
29 60 264
29 61 282
29 62 145
29 63 222
29 64 211
29 65 400
29 66 248
29 67 289
29 68 375
29 69 41
29 70 442
29 71 88
29 72 149
29 73 56
29 74 351
29 75 132
29 76 379
29 77 240
29 78 395
29 79 79
29 80 222
29 81 367
29 82 87
29 83 185
30 31 445
30 32 66
30 33 299
30 34 419
30 35 217
30 36 455
30 37 150
30 38 313
30 39 288
30 40 58
30 41 330
30 42 207
30 43 445
30 44 178
30 45 377
30 46 187
30 47 463
30 48 465
30 49 387
30 50 321
30 51 344
30 52 252
30 53 410
30 54 138
30 55 89
30 56 291
30 57 428
30 58 222
30 59 472
30 60 283
30 61 363
30 62 246
30 63 325
30 64 249
30 65 495
30 66 174
30 67 379
30 68 423
30 69 114
30 70 531
30 71 52
30 72 183
30 73 55
30 74 455
30 75 237
30 76 445
30 77 317
30 78 446
30 79 156
30 80 294
30 81 426
30 82 98
30 83 270
31 32 403
31 33 451
31 34 236
31 35 291
31 36 181
31 37 401
31 38 159
31 39 339
31 40 441
31 41 296
31 42 267
31 43 247
31 44 267
31 45 408
31 46 271
31 47 401
31 48 329
31 49 58
31 50 341
31 51 147
31 52 272
31 53 68
31 54 443
31 55 357
31 56 396
31 57 535
31 58 258
31 59 46
31 60 495
31 61 334
31 62 250
31 63 122
31 64 314
31 65 302
31 66 529
31 67 291
31 68 498
31 69 357
31 70 362
31 71 409
31 72 328
31 73 400
31 74 171
31 75 213
31 76 441
31 77 194
31 78 503
31 79 342
31 80 353
31 81 273
31 82 412
31 83 196
32 33 240
32 34 356
32 35 153
32 36 437
32 37 185
32 38 287
32 39 222
32 40 38
32 41 335
32 42 196
32 43 381
32 44 140
32 45 313
32 46 169
32 47 397
32 48 399
32 49 344
32 50 255
32 51 290
32 52 250
32 53 376
32 54 186
32 55 74
32 56 227
32 57 371
32 58 163
32 59 425
32 60 232
32 61 297
32 62 185
32 63 281
32 64 259
32 65 430
32 66 237
32 67 314
32 68 362
32 69 51
32 70 465
32 71 84
32 72 193
32 73 17
32 74 396
32 75 190
32 76 380
32 77 301
32 78 385
32 79 91
32 80 228
32 81 424
32 82 40
32 83 247
33 34 271
33 35 183
33 36 565
33 37 419
33 38 415
33 39 112
33 40 242
33 41 526
33 42 378
33 43 285
33 44 293
33 45 108
33 46 348
33 47 206
33 48 251
33 49 402
33 50 119
33 51 303
33 52 438
33 53 461
33 54 426
33 55 295
33 56 55
33 57 131
33 58 222
33 59 448
33 60 57
33 61 152
33 62 214
33 63 348
33 64 463
33 65 301
33 66 473
33 67 198
33 68 124
33 69 218
33 70 307
33 71 324
33 72 406
33 73 257
33 74 347
33 75 285
33 76 165
33 77 451
33 78 148
33 79 182
33 80 99
33 81 591
33 82 202
33 83 391
34 35 203
34 36 403
34 37 458
34 38 298
34 39 170
34 40 385
34 41 453
34 42 344
34 43 26
34 44 281
34 45 193
34 46 326
34 47 165
34 48 95
34 49 214
34 50 152
34 51 127
34 52 386
34 53 279
34 54 488
34 55 355
34 56 219
34 57 318
34 58 201
34 59 212
34 60 326
34 61 121
34 62 175
34 63 200
34 64 428
34 65 87
34 66 566
34 67 73
34 68 277
34 69 305
34 70 143
34 71 409
34 72 403
34 73 363
34 74 81
34 75 221
34 76 210
34 77 346
34 78 277
34 79 266
34 80 178
34 81 473
34 82 341
34 83 305
35 36 383
35 37 280
35 38 231
35 39 98
35 40 183
35 41 347
35 42 203
35 43 228
35 44 118
35 45 202
35 46 175
35 47 266
35 48 252
35 49 236
35 50 127
35 51 154
35 52 261
35 53 287
35 54 301
35 55 161
35 56 138
35 57 302
35 58 38
35 59 302
35 60 214
35 61 160
35 62 41
35 63 175
35 64 292
35 65 279
35 66 372
35 67 165
35 68 278
35 69 102
35 70 318
35 71 212
35 72 244
35 73 161
35 74 247
35 75 102
35 76 266
35 77 267
35 78 295
35 79 64
35 80 111
35 81 408
35 82 141
35 83 208
