16 6 75
1 3
2 3
3 3
4 3
5 3
6 3
1 2 231
1 3 172
1 4 329
1 5 201
1 6 246
1 7 418
1 8 190
1 9 324
1 10 338
1 11 33
1 12 315
1 13 148
1 14 192
1 15 260
1 16 215
2 3 80
2 4 297
2 5 256
2 6 289
2 7 289
2 8 334
2 9 289
2 10 209
2 11 198
2 12 85
2 13 266
2 14 415
2 15 156
2 16 307
3 4 242
3 5 260
3 6 216
3 7 274
3 8 314
3 9 234
3 10 189
3 11 141
3 12 150
3 13 249
3 14 344
3 15 117
3 16 303
4 5 490
4 6 107
4 7 153
4 8 516
4 9 8
4 10 136
4 11 318
4 12 308
4 13 461
4 14 398
4 15 141
4 16 524
5 6 429
5 7 533
5 8 110
5 9 483
5 10 448
5 11 190
5 12 330
5 13 68
5 14 358
5 15 377
5 16 55
6 7 250
6 8 436
6 9 105
6 10 205
6 11 243
6 12 329
6 13 389
6 14 291
6 15 165
6 16 455
