62 25 1225
1 3
2 3
3 3
4 3
5 3
6 3
7 3
8 3
9 3
10 3
11 3
12 3
13 3
14 3
15 3
16 3
17 3
18 3
19 3
20 3
21 3
22 3
23 3
24 3
25 3
1 2 231
1 3 172
1 4 329
1 5 201
1 6 246
1 7 418
1 8 190
1 9 324
1 10 338
1 11 33
1 12 315
1 13 148
1 14 192
1 15 260
1 16 215
1 17 299
1 18 157
1 19 142
1 20 372
1 21 293
1 22 294
1 23 368
1 24 304
1 25 415
1 26 196
1 27 90
1 28 348
1 29 225
1 30 162
1 31 191
1 32 237
1 33 424
1 34 332
1 35 254
1 36 380
1 37 206
1 38 336
1 39 340
1 40 170
1 41 246
1 42 226
1 43 277
1 44 146
1 45 209
1 46 411
1 47 11
1 48 204
1 49 90
1 50 235
1 51 222
1 52 251
1 53 135
1 54 262
1 55 262
1 56 183
1 57 162
1 58 95
1 59 204
1 60 309
1 61 301
1 62 275
2 3 80
2 4 297
2 5 256
2 6 289
2 7 289
2 8 334
2 9 289
2 10 209
2 11 198
2 12 85
2 13 266
2 14 415
2 15 156
2 16 307
2 17 406
2 18 266
2 19 348
2 20 199
2 21 499
2 22 520
2 23 292
2 24 394
2 25 283
2 26 354
2 27 195
2 28 295
2 29 323
2 30 121
2 31 352
2 32 406
2 33 343
2 34 378
2 35 160
2 36 220
2 37 397
2 38 209
2 39 192
2 40 367
2 41 297
2 42 452
2 43 63
2 44 228
2 45 74
2 46 333
2 47 230
2 48 93
2 49 235
2 50 317
2 51 113
2 52 352
2 53 98
2 54 427
2 55 480
2 56 147
2 57 362
2 58 238
2 59 356
2 60 157
2 61 72
2 62 115
3 4 242
3 5 260
3 6 216
3 7 274
3 8 314
3 9 234
3 10 189
3 11 141
3 12 150
3 13 249
3 14 344
3 15 117
3 16 303
3 17 327
3 18 252
3 19 305
3 20 207
3 21 422
3 22 449
3 23 252
3 24 317
3 25 269
3 26 330
3 27 118
3 28 247
3 29 244
3 30 129
3 31 272
3 32 380
3 33 307
3 34 308
3 35 115
3 36 219
3 37 362
3 38 188
3 39 183
3 40 291
3 41 223
3 42 399
3 43 107
3 44 218
3 45 38
3 46 296
3 47 175
3 48 130
3 49 203
3 50 239
3 51 67
3 52 273
3 53 43
3 54 346
3 55 405
3 56 74
3 57 286
3 58 160
3 59 334
3 60 148
3 61 135
3 62 108
4 5 490
4 6 107
4 7 153
4 8 516
4 9 8
4 10 136
4 11 318
4 12 308
4 13 461
4 14 398
4 15 141
4 16 524
4 17 206
4 18 467
4 19 467
4 20 204
4 21 413
4 22 487
4 23 64
4 24 179
4 25 156
4 26 525
4 27 239
4 28 29
4 29 173
4 30 369
4 31 258
4 32 567
4 33 105
4 34 121
4 35 137
4 36 185
4 37 533
4 38 132
4 39 163
4 40 317
4 41 115
4 42 519
4 43 265
4 44 440
4 45 224
4 46 92
4 47 339
4 48 371
4 49 405
4 50 150
4 51 184
4 52 179
4 53 273
4 54 294
4 55 426
4 56 172
4 57 319
4 58 243
4 59 532
4 60 174
4 61 298
4 62 195
5 6 429
5 7 533
5 8 110
5 9 483
5 10 448
5 11 190
5 12 330
5 13 68
5 14 358
5 15 377
5 16 55
5 17 499
5 18 58
5 19 189
5 20 453
5 21 471
5 22 440
5 23 510
5 24 502
5 25 527
5 26 135
5 27 267
5 28 501
5 29 421
5 30 136
5 31 393
5 32 180
5 33 566
5 34 522
5 35 375
5 36 471
5 37 198
5 38 447
5 39 438
5 40 364
5 41 432
5 42 303
5 43 320
5 44 55
5 45 292
5 46 555
5 47 190
5 48 166
5 49 113
5 50 429
5 51 327
5 52 449
5 53 220
5 54 462
5 55 430
5 56 318
5 57 355
5 58 290
5 59 130
5 60 402
5 61 322
5 62 359
6 7 250
6 8 436
6 9 105
6 10 205
6 11 243
6 12 329
6 13 389
6 14 291
6 15 165
6 16 455
6 17 126
6 18 396
6 19 375
6 20 271
6 21 309
6 22 380
6 23 167
6 24 107
6 25 251
6 26 442
6 27 163
6 28 134
6 29 67
6 30 327
6 31 151
6 32 480
6 33 212
6 34 94
6 35 156
6 36 260
6 37 442
6 38 201
6 39 227
6 40 209
6 41 10
6 42 416
6 43 281
6 44 375
6 45 216
6 46 199
6 47 257
6 48 341
6 49 331
6 50 46
6 51 183
6 52 81
6 53 232
6 54 194
6 55 319
6 56 142
6 57 212
6 58 152
6 59 450
6 60 220
6 61 316
6 62 221
7 8 586
7 9 150
7 10 84
7 11 397
7 12 256
7 13 522
7 14 530
7 15 160
7 16 577
7 17 359
7 18 526
7 19 560
7 20 105
7 21 560
7 22 626
7 23 90
7 24 333
7 25 7
7 26 600
7 27 331
7 28 125
7 29 318
7 30 398
7 31 399
7 32 648
7 33 90
7 34 272
7 35 165
7 36 78
7 37 623
7 38 85
7 39 97
7 40 452
7 41 260
7 42 632
7 43 233
7 44 492
7 45 240
7 46 91
7 47 425
7 48 381
7 49 473
7 50 297
7 51 207
7 52 329
7 53 317
7 54 444
7 55 567
7 56 235
7 57 452
7 58 351
7 59 605
7 60 132
7 61 253
7 62 175
8 9 509
8 10 502
8 11 197
8 12 416
8 13 68
8 14 289
8 15 425
8 16 67
8 17 479
8 18 69
8 19 101
8 20 520
8 21 403
8 22 354
8 23 548
8 24 488
8 25 582
8 26 24
8 27 277
8 28 532
8 29 411
8 30 215
8 31 362
8 32 73
8 33 605
8 34 522
8 35 421
8 36 534
8 37 89
8 38 501
8 39 497
8 40 318
8 41 436
8 42 202
8 43 396
8 44 107
8 45 351
8 46 592
8 47 179
8 48 256
8 49 113
8 50 424
8 51 379
8 52 436
8 53 270
8 54 421
8 55 357
8 56 355
8 57 308
8 58 285
8 59 21
8 60 462
8 61 406
8 62 421
9 10 129
9 11 312
9 12 300
9 13 454
9 14 396
9 15 133
9 16 518
9 17 209
9 18 460
9 19 462
9 20 198
9 21 413
9 22 486
9 23 62
9 24 182
9 25 153
9 26 519
9 27 233
9 28 29
9 29 172
9 30 362
9 31 257
9 32 561
9 33 107
9 34 126
9 35 129
9 36 179
9 37 528
9 38 126
9 39 156
9 40 315
9 41 114
9 42 515
9 43 257
9 44 433
9 45 216
9 46 94
9 47 333
9 48 363
9 49 398
9 50 150
9 51 176
9 52 179
9 53 266
9 54 295
9 55 425
9 56 165
9 57 317
9 58 238
9 59 526
9 60 166
9 61 290
9 62 187
10 11 315
10 12 190
10 13 438
10 14 464
10 15 77
10 16 493
10 17 327
10 18 441
10 19 479
10 20 69
10 21 506
10 22 564
10 23 96
10 24 303
10 25 79
10 26 517
10 27 253
10 28 117
10 29 270
10 30 313
10 31 342
10 32 565
10 33 138
10 34 255
10 35 84
10 36 54
10 37 541
10 38 3
10 39 27
10 40 389
10 41 216
10 42 557
10 43 157
10 44 407
10 45 155
10 46 130
10 47 344
10 48 299
10 49 389
10 50 251
10 51 122
10 52 287
10 53 232
10 54 397
10 55 507
10 56 155
10 57 389
10 58 278
10 59 521
10 60 53
10 61 183
10 62 93
11 12 282
11 13 145
11 14 224
11 15 237
11 16 212
11 17 310
11 18 153
11 19 165
11 20 345
11 21 323
11 22 327
11 23 351
11 24 312
11 25 393
11 26 207
11 27 80
11 28 334
11 29 231
11 30 132
11 31 210
11 32 253
11 33 408
11 34 333
11 35 231
11 36 354
11 37 226
11 38 313
11 39 315
11 40 197
11 41 244
11 42 257
11 43 245
11 44 134
11 45 179
11 46 395
11 47 33
11 48 172
11 49 88
11 50 239
11 51 196
11 52 259
11 53 103
11 54 283
11 55 294
11 56 161
11 57 189
11 58 100
11 59 214
11 60 283
11 61 268
11 62 246
12 13 348
12 14 494
12 15 170
12 16 384
12 17 453
12 18 347
12 19 434
12 20 152
12 21 572
12 22 599
12 23 285
12 24 437
12 25 249
12 26 437
12 27 268
12 28 298
12 29 375
12 30 201
12 31 417
12 32 488
12 33 327
12 34 409
12 35 177
12 36 179
12 37 482
12 38 192
12 39 165
12 40 440
12 41 339
12 42 537
12 43 48
12 44 309
12 45 124
12 46 320
12 47 315
12 48 164
12 49 320
12 50 364
12 51 147
12 52 401
12 53 179
12 54 489
12 55 556
12 56 197
12 57 436
12 58 310
12 59 438
12 60 138
12 61 14
12 62 113
13 14 291
13 15 362
13 16 67
13 17 447
13 18 10
13 19 123
13 20 453
13 21 404
13 22 372
13 23 489
13 24 452
13 25 518
13 26 89
13 27 226
13 28 475
13 29 373
13 30 147
13 31 335
13 32 140
13 33 546
13 34 479
13 35 359
13 36 468
13 37 143
13 38 437
13 39 432
13 40 301
13 41 390
13 42 238
13 43 328
13 44 40
13 45 285
13 46 533
13 47 136
13 48 188
13 49 58
13 50 383
13 51 315
13 52 399
13 53 205
13 54 401
13 55 363
13 56 295
13 57 292
13 58 242
13 59 90
13 60 397
13 61 337
13 62 355
14 15 394
14 16 346
14 17 256
14 18 301
14 19 188
14 20 516
14 21 114
14 22 105
14 23 455
14 24 278
14 25 529
14 26 278
14 27 228
14 28 425
14 29 231
14 30 354
14 31 145
14 32 287
14 33 503
14 34 338
14 35 385
14 36 515
14 37 236
14 38 461
14 39 476
14 40 82
14 41 284
14 42 150
14 43 451
14 44 310
14 45 375
14 46 490
14 47 198
14 48 396
14 49 252
14 50 252
14 51 373
14 52 239
14 53 317
14 54 161
14 55 72
14 56 320
14 57 79
14 58 191
14 59 289
14 60 452
14 61 479
14 62 428
15 16 419
15 17 291
15 18 366
15 19 402
15 20 121
15 21 446
15 22 496
15 23 137
15 24 272
15 25 156
15 26 440
15 27 177
15 28 138
15 29 221
15 30 245
15 31 283
15 32 487
15 33 191
15 34 239
15 35 9
15 36 122
15 37 464
15 38 76
15 39 82
15 40 323
15 41 175
15 42 480
15 43 124
15 44 333
15 45 89
15 46 180
15 47 266
15 48 238
15 49 313
15 50 206
15 51 49
15 52 244
15 53 158
15 54 345
15 55 442
15 56 78
15 57 322
15 58 205
15 59 445
15 60 60
15 61 158
15 62 57
16 17 514
16 18 59
16 19 163
16 20 501
16 21 460
16 22 418
16 23 549
16 24 520
16 25 572
16 26 90
16 27 292
16 28 537
16 29 440
16 30 186
16 31 401
16 32 130
16 33 606
16 34 546
16 35 417
16 36 519
16 37 156
16 38 492
16 39 485
16 40 365
16 41 457
16 42 270
16 43 371
16 44 85
16 45 338
16 46 594
16 47 203
16 48 219
16 49 125
16 50 450
16 51 370
16 52 467
16 53 261
16 54 466
16 55 416
16 56 356
16 57 355
16 58 309
16 59 83
16 60 448
16 61 375
16 62 406
17 18 456
17 19 397
17 20 395
17 21 227
17 22 317
17 23 270
17 24 28
17 25 362
17 26 478
17 27 241
17 28 235
17 29 83
17 30 420
17 31 121
17 32 507
17 33 300
17 34 98
17 35 282
17 36 381
17 37 461
17 38 323
17 39 350
17 40 180
17 41 115
17 42 402
17 43 404
17 44 443
17 45 335
17 46 289
17 47 311
17 48 443
17 49 390
17 50 88
17 51 306
17 52 54
17 53 333
17 54 105
17 55 254
17 56 259
17 57 188
17 58 209
17 59 488
17 60 346
17 61 439
17 62 347
18 19 132
18 20 455
18 21 414
18 22 382
18 23 494
18 24 461
18 25 521
18 26 92
18 27 233
18 28 480
18 29 381
18 30 146
18 31 345
18 32 142
18 33 551
18 34 487
18 35 363
18 36 470
18 37 149
18 38 440
18 39 435
18 40 312
18 41 398
18 42 247
18 43 328
18 44 38
18 45 288
18 46 538
18 47 145
18 48 186
18 49 66
18 50 391
18 51 318
18 52 408
18 53 209
18 54 411
18 55 373
18 56 300
18 57 302
18 58 250
18 59 91
18 60 399
18 61 337
18 62 357
19 20 510
19 21 302
19 22 254
19 23 508
19 24 411
19 25 557
19 26 89
19 27 231
19 28 487
19 29 338
19 30 244
19 31 277
19 32 109
19 33 564
19 34 453
19 35 395
19 36 520
19 37 66
19 38 477
19 39 481
19 40 226
19 41 373
19 42 116
19 43 403
19 44 156
19 45 343
19 46 551
19 47 135
19 48 289
19 49 117
19 50 354
19 51 361
19 52 360
19 53 263
19 54 328
19 55 255
19 56 325
19 57 216
19 58 224
19 59 100
19 60 448
19 61 421
19 62 411
20 21 566
20 22 618
20 23 158
20 24 372
20 25 98
20 26 537
20 27 295
20 28 184
20 29 334
20 30 316
20 31 402
20 32 587
20 33 186
20 34 324
20 35 130
20 36 27
20 37 569
20 38 73
20 39 44
20 40 445
20 41 282
20 42 597
20 43 137
20 44 418
20 45 169
20 46 183
20 47 377
20 48 292
20 49 410
20 50 316
20 51 150
20 52 353
20 53 250
20 54 461
20 55 564
20 56 196
20 57 443
20 58 326
20 59 540
20 60 63
20 61 151
20 62 99
21 22 100
21 23 476
21 24 254
21 25 561
21 26 391
21 27 304
21 28 442
21 29 241
21 30 455
21 31 164
21 32 397
21 33 516
21 34 323
21 35 437
21 36 561
21 37 345
21 38 503
21 39 523
21 40 131
21 41 300
21 42 243
21 43 525
21 44 422
21 45 448
21 46 504
21 47 301
21 48 494
21 49 363
21 50 263
21 51 437
21 52 235
21 53 403
21 54 122
21 55 50
21 56 382
21 57 137
21 58 262
21 59 402
21 60 507
21 61 557
21 62 490
22 23 547
22 24 343
22 25 626
22 26 338
22 27 333
22 28 515
22 29 315
22 30 453
22 31 229
22 32 332
22 33 592
22 34 410
22 35 487
22 36 616
22 37 282
22 38 561
22 39 577
22 40 174
22 41 372
22 42 166
22 43 556
22 44 398
22 45 481
22 46 579
22 47 298
22 48 497
22 49 343
22 50 337
22 51 477
22 52 315
22 53 422
22 54 212
22 55 63
22 56 424
22 57 175
22 58 295
22 59 348
22 60 556
22 61 585
22 62 533
23 24 243
23 25 93
23 26 559
23 27 277
23 28 35
23 29 234
23 30 381
23 31 318
23 32 604
23 33 57
23 34 182
23 35 136
23 36 134
23 37 574
23 38 94
23 39 124
23 40 375
23 41 176
23 42 569
23 43 248
23 44 463
23 45 226
23 46 44
23 47 376
23 48 375
23 49 435
23 50 212
23 51 186
23 52 242
23 53 290
23 54 357
23 55 486
23 56 193
23 57 376
23 58 288
23 59 565
23 60 146
23 61 277
23 62 179
24 25 336
24 26 489
24 27 239
24 28 208
24 29 81
24 30 416
24 31 137
24 32 520
24 33 271
24 34 69
24 35 263
24 36 357
24 37 475
24 38 300
24 39 328
24 40 199
24 41 98
24 42 422
24 43 388
24 44 447
24 45 321
24 46 261
24 47 316
24 48 437
24 49 395
24 50 78
24 51 290
24 52 53
24 53 326
24 54 132
24 55 280
24 56 246
24 57 207
24 58 212
24 59 499
24 60 325
24 61 423
24 62 329
25 26 596
25 27 328
25 28 128
25 29 319
25 30 392
25 31 399
25 32 644
25 33 97
25 34 276
25 35 161
25 36 70
25 37 620
25 38 81
25 39 90
25 40 451
25 41 262
25 42 630
25 43 226
25 44 487
25 45 234
25 46 97
25 47 422
25 48 375
25 49 469
25 50 298
25 51 202
25 52 331
25 53 312
25 54 445
25 55 567
25 56 232
25 57 452
25 58 349
25 59 601
25 60 126
25 61 245
25 62 169
