37 15 435
1 3
2 4
3 3
4 4
5 2
6 2
7 3
8 2
9 3
10 3
11 3
12 3
13 3
14 3
15 3
1 2 464
1 3 166
1 4 128
1 5 407
1 6 230
1 7 198
1 8 260
1 9 422
1 10 374
1 11 180
1 12 271
1 13 446
1 14 263
1 15 379
1 16 287
1 17 341
1 18 232
1 19 223
1 20 265
1 21 207
1 22 137
1 23 388
1 24 288
1 25 61
1 26 129
1 27 391
1 28 88
1 29 345
1 30 283
1 31 221
1 32 180
1 33 230
1 34 312
1 35 319
1 36 246
1 37 136
2 3 538
2 4 335
2 5 129
2 6 552
2 7 280
2 8 230
2 9 207
2 10 89
2 11 550
2 12 402
2 13 29
2 14 689
2 15 144
2 16 359
2 17 382
2 18 629
2 19 634
2 20 545
2 21 607
2 22 332
2 23 143
2 24 457
2 25 463
2 26 506
2 27 140
2 28 535
2 29 226
2 30 586
2 31 590
2 32 283
2 33 235
2 34 196
2 35 467
2 36 245
2 37 485
3 4 233
3 5 517
3 6 69
3 7 323
3 8 382
3 9 430
3 10 453
3 11 14
3 12 201
3 13 515
3 14 154
3 15 419
3 16 241
3 17 277
3 18 357
3 19 98
3 20 112
3 21 335
3 22 222
3 23 501
3 24 185
3 25 112
3 26 287
3 27 429
3 28 103
3 29 356
3 30 119
3 31 363
3 32 284
3 33 332
3 34 433
3 35 212
3 36 371
3 37 299
4 5 288
4 6 275
4 7 90
4 8 148
4 9 308
4 10 245
4 11 247
4 12 226
4 13 318
4 14 368
4 15 255
4 16 221
4 17 277
4 18 329
4 19 319
4 20 292
4 21 305
4 22 25
4 23 271
4 24 265
4 25 134
4 26 205
4 27 267
4 28 202
4 29 233
4 30 324
4 31 304
4 32 54
4 33 104
4 34 200
4 35 294
4 36 137
4 37 194
5 6 546
5 7 209
5 8 147
5 9 296
5 10 108
5 11 530
5 12 427
5 13 141
5 14 657
5 15 215
5 16 392
5 17 430
5 18 535
5 19 607
5 20 550
5 21 516
5 22 296
5 23 20
5 24 481
5 25 423
5 26 419
5 27 218
5 28 489
5 29 282
5 30 589
5 31 493
5 32 235
5 33 185
5 34 97
5 35 499
5 36 162
5 37 395
6 7 365
6 8 420
6 9 419
6 10 472
6 11 60
6 12 175
6 13 526
6 14 176
6 15 421
6 16 221
6 17 244
6 18 427
6 19 124
6 20 46
6 21 404
6 22 258
6 23 532
6 24 142
6 25 171
6 26 354
6 27 431
6 28 173
6 29 350
6 30 52
6 31 432
6 32 321
6 33 364
6 34 469
6 35 163
6 36 411
6 37 365
7 8 62
7 9 310
7 10 193
7 11 337
7 12 297
7 13 269
7 14 453
7 15 239
7 16 281
7 17 335
7 18 350
7 19 406
7 20 380
7 21 328
7 22 107
7 23 190
7 24 342
7 25 220
7 26 226
7 27 251
7 28 282
7 29 248
7 30 414
7 31 315
7 32 51
7 33 55
7 34 114
7 35 369
7 36 48
7 37 206
8 9 298
8 10 148
8 11 396
8 12 333
8 13 223
8 14 515
8 15 219
8 16 310
8 17 359
8 18 399
8 19 467
8 20 431
8 21 377
8 22 161
8 23 128
8 24 383
8 25 281
8 26 277
8 27 229
8 28 344
8 29 247
8 30 467
8 31 360
8 32 98
8 33 63
8 34 52
8 35 406
8 36 15
8 37 255
9 10 189
9 11 437
9 12 246
9 13 179
9 14 583
9 15 84
9 16 199
9 17 198
9 18 637
9 19 527
9 20 398
9 21 613
9 22 290
9 23 299
9 24 294
9 25 395
9 26 512
9 27 78
9 28 465
9 29 77
9 30 439
9 31 610
9 32 278
9 33 255
9 34 301
9 35 294
9 36 307
9 37 500
10 11 465
10 12 334
10 13 75
10 14 602
10 15 107
10 16 295
10 17 327
10 18 543
10 19 549
10 20 469
10 21 521
10 22 243
10 23 109
10 24 389
10 25 374
10 26 419
10 27 111
10 28 445
10 29 176
10 30 509
10 31 506
10 32 193
10 33 145
10 34 127
10 35 403
10 36 162
10 37 399
11 12 205
11 13 526
11 14 145
11 15 428
11 16 246
11 17 279
11 18 367
11 19 89
11 20 105
11 21 345
11 22 235
11 23 515
11 24 185
11 25 126
11 26 299
11 27 439
11 28 114
11 29 364
11 30 108
11 31 374
11 32 298
11 33 345
11 34 447
11 35 211
11 36 385
11 37 312
12 13 374
12 14 347
12 15 262
12 16 46
12 17 76
12 18 503
12 19 292
12 20 151
12 21 478
12 22 200
12 23 417
12 24 55
12 25 217
12 26 396
12 27 269
12 28 271
12 29 184
12 30 193
12 31 492
12 32 245
12 33 270
12 34 371
12 35 73
12 36 330
12 37 395
13 14 666
13 15 115
13 16 331
13 17 353
13 18 619
13 19 611
13 20 518
13 21 597
13 22 313
13 23 152
13 24 429
13 25 443
13 26 495
13 27 111
13 28 515
13 29 197
13 30 559
13 31 582
13 32 267
13 33 220
13 34 195
13 35 439
13 36 237
13 37 475
14 15 572
14 16 390
14 17 419
14 18 361
14 19 56
14 20 215
14 21 347
14 22 362
14 23 640
14 24 318
14 25 234
14 26 344
14 27 583
14 28 175
14 29 510
14 30 189
14 31 385
14 32 422
14 33 472
14 34 567
14 35 339
14 36 502
14 37 365
15 16 217
15 17 237
15 18 581
15 19 517
15 20 409
15 21 556
15 22 242
15 23 216
15 24 315
15 25 363
15 26 454
15 27 12
15 28 435
15 29 81
15 30 451
15 31 550
15 32 216
15 33 184
15 34 218
15 35 324
15 36 229
15 37 439
