38 15 450
1 3
2 3
3 3
4 3
5 3
6 3
7 3
8 3
9 3
10 3
11 3
12 3
13 3
14 3
15 3
1 2 231
1 3 172
1 4 329
1 5 201
1 6 246
1 7 418
1 8 190
1 9 324
1 10 338
1 11 33
1 12 315
1 13 148
1 14 192
1 15 260
1 16 215
1 17 299
1 18 157
1 19 142
1 20 372
1 21 293
1 22 294
1 23 368
1 24 304
1 25 415
1 26 196
1 27 90
1 28 348
1 29 225
1 30 162
1 31 191
1 32 237
1 33 424
1 34 332
1 35 254
1 36 380
1 37 206
1 38 336
2 3 80
2 4 297
2 5 256
2 6 289
2 7 289
2 8 334
2 9 289
2 10 209
2 11 198
2 12 85
2 13 266
2 14 415
2 15 156
2 16 307
2 17 406
2 18 266
2 19 348
2 20 199
2 21 499
2 22 520
2 23 292
2 24 394
2 25 283
2 26 354
2 27 195
2 28 295
2 29 323
2 30 121
2 31 352
2 32 406
2 33 343
2 34 378
2 35 160
2 36 220
2 37 397
2 38 209
3 4 242
3 5 260
3 6 216
3 7 274
3 8 314
3 9 234
3 10 189
3 11 141
3 12 150
3 13 249
3 14 344
3 15 117
3 16 303
3 17 327
3 18 252
3 19 305
3 20 207
3 21 422
3 22 449
3 23 252
3 24 317
3 25 269
3 26 330
3 27 118
3 28 247
3 29 244
3 30 129
3 31 272
3 32 380
3 33 307
3 34 308
3 35 115
3 36 219
3 37 362
3 38 188
4 5 490
4 6 107
4 7 153
4 8 516
4 9 8
4 10 136
4 11 318
4 12 308
4 13 461
4 14 398
4 15 141
4 16 524
4 17 206
4 18 467
4 19 467
4 20 204
4 21 413
4 22 487
4 23 64
4 24 179
4 25 156
4 26 525
4 27 239
4 28 29
4 29 173
4 30 369
4 31 258
4 32 567
4 33 105
4 34 121
4 35 137
4 36 185
4 37 533
4 38 132
5 6 429
5 7 533
5 8 110
5 9 483
5 10 448
5 11 190
5 12 330
5 13 68
5 14 358
5 15 377
5 16 55
5 17 499
5 18 58
5 19 189
5 20 453
5 21 471
5 22 440
5 23 510
5 24 502
5 25 527
5 26 135
5 27 267
5 28 501
5 29 421
5 30 136
5 31 393
5 32 180
5 33 566
5 34 522
5 35 375
5 36 471
5 37 198
5 38 447
6 7 250
6 8 436
6 9 105
6 10 205
6 11 243
6 12 329
6 13 389
6 14 291
6 15 165
6 16 455
6 17 126
6 18 396
6 19 375
6 20 271
6 21 309
6 22 380
6 23 167
6 24 107
6 25 251
6 26 442
6 27 163
6 28 134
6 29 67
6 30 327
6 31 151
6 32 480
6 33 212
6 34 94
6 35 156
6 36 260
6 37 442
6 38 201
7 8 586
7 9 150
7 10 84
7 11 397
7 12 256
7 13 522
7 14 530
7 15 160
7 16 577
7 17 359
7 18 526
7 19 560
7 20 105
7 21 560
7 22 626
7 23 90
7 24 333
7 25 7
7 26 600
7 27 331
7 28 125
7 29 318
7 30 398
7 31 399
7 32 648
7 33 90
7 34 272
7 35 165
7 36 78
7 37 623
7 38 85
8 9 509
8 10 502
8 11 197
8 12 416
8 13 68
8 14 289
8 15 425
8 16 67
8 17 479
8 18 69
8 19 101
8 20 520
8 21 403
8 22 354
8 23 548
8 24 488
8 25 582
8 26 24
8 27 277
8 28 532
8 29 411
8 30 215
8 31 362
8 32 73
8 33 605
8 34 522
8 35 421
8 36 534
8 37 89
8 38 501
9 10 129
9 11 312
9 12 300
9 13 454
9 14 396
9 15 133
9 16 518
9 17 209
9 18 460
9 19 462
9 20 198
9 21 413
9 22 486
9 23 62
9 24 182
9 25 153
9 26 519
9 27 233
9 28 29
9 29 172
9 30 362
9 31 257
9 32 561
9 33 107
9 34 126
9 35 129
9 36 179
9 37 528
9 38 126
10 11 315
10 12 190
10 13 438
10 14 464
10 15 77
10 16 493
10 17 327
10 18 441
10 19 479
10 20 69
10 21 506
10 22 564
10 23 96
10 24 303
10 25 79
10 26 517
10 27 253
10 28 117
10 29 270
10 30 313
10 31 342
10 32 565
10 33 138
10 34 255
10 35 84
10 36 54
10 37 541
10 38 3
11 12 282
11 13 145
11 14 224
11 15 237
11 16 212
11 17 310
11 18 153
11 19 165
11 20 345
11 21 323
11 22 327
11 23 351
11 24 312
11 25 393
11 26 207
11 27 80
11 28 334
11 29 231
11 30 132
11 31 210
11 32 253
11 33 408
11 34 333
11 35 231
11 36 354
11 37 226
11 38 313
12 13 348
12 14 494
12 15 170
12 16 384
12 17 453
12 18 347
12 19 434
12 20 152
12 21 572
12 22 599
12 23 285
12 24 437
12 25 249
12 26 437
12 27 268
12 28 298
12 29 375
12 30 201
12 31 417
12 32 488
12 33 327
12 34 409
12 35 177
12 36 179
12 37 482
12 38 192
13 14 291
13 15 362
13 16 67
13 17 447
13 18 10
13 19 123
13 20 453
13 21 404
13 22 372
13 23 489
13 24 452
13 25 518
13 26 89
13 27 226
13 28 475
13 29 373
13 30 147
13 31 335
13 32 140
13 33 546
13 34 479
13 35 359
13 36 468
13 37 143
13 38 437
14 15 394
14 16 346
14 17 256
14 18 301
14 19 188
14 20 516
14 21 114
14 22 105
14 23 455
14 24 278
14 25 529
14 26 278
14 27 228
14 28 425
14 29 231
14 30 354
14 31 145
14 32 287
14 33 503
14 34 338
14 35 385
14 36 515
14 37 236
14 38 461
15 16 419
15 17 291
15 18 366
15 19 402
15 20 121
15 21 446
15 22 496
15 23 137
15 24 272
15 25 156
15 26 440
15 27 177
15 28 138
15 29 221
15 30 245
15 31 283
15 32 487
15 33 191
15 34 239
15 35 9
15 36 122
15 37 464
15 38 76
