16 6 75
1 3
2 3
3 3
4 3
5 2
6 4
1 2 80
1 3 297
1 4 256
1 5 289
1 6 289
1 7 334
1 8 289
1 9 209
1 10 198
1 11 85
1 12 266
1 13 415
1 14 156
1 15 307
1 16 406
2 3 242
2 4 260
2 5 216
2 6 274
2 7 314
2 8 234
2 9 189
2 10 141
2 11 150
2 12 249
2 13 344
2 14 117
2 15 303
2 16 327
3 4 490
3 5 107
3 6 153
3 7 516
3 8 8
3 9 136
3 10 318
3 11 308
3 12 461
3 13 398
3 14 141
3 15 524
3 16 206
4 5 429
4 6 533
4 7 110
4 8 483
4 9 448
4 10 190
4 11 330
4 12 68
4 13 358
4 14 377
4 15 55
4 16 499
5 6 250
5 7 436
5 8 105
5 9 205
5 10 243
5 11 329
5 12 389
5 13 291
5 14 165
5 15 455
5 16 126
6 7 586
6 8 150
6 9 84
6 10 397
6 11 256
6 12 522
6 13 530
6 14 160
6 15 577
6 16 359
