48 20 750
1 3
2 2
3 3
4 4
5 3
6 3
7 3
8 2
9 3
10 3
11 2
12 3
13 3
14 3
15 4
16 2
17 2
18 4
19 3
20 3
1 2 429
1 3 533
1 4 110
1 5 483
1 6 448
1 7 190
1 8 330
1 9 68
1 10 358
1 11 377
1 12 55
1 13 499
1 14 58
1 15 189
1 16 453
1 17 471
1 18 440
1 19 510
1 20 502
1 21 527
1 22 135
1 23 267
1 24 501
1 25 421
1 26 136
1 27 393
1 28 180
1 29 566
1 30 522
1 31 375
1 32 471
1 33 198
1 34 447
1 35 438
1 36 364
1 37 432
1 38 303
1 39 320
1 40 55
1 41 292
1 42 555
1 43 190
1 44 166
1 45 113
1 46 429
1 47 327
1 48 449
2 3 250
2 4 436
2 5 105
2 6 205
2 7 243
2 8 329
2 9 389
2 10 291
2 11 165
2 12 455
2 13 126
2 14 396
2 15 375
2 16 271
2 17 309
2 18 380
2 19 167
2 20 107
2 21 251
2 22 442
2 23 163
2 24 134
2 25 67
2 26 327
2 27 151
2 28 480
2 29 212
2 30 94
2 31 156
2 32 260
2 33 442
2 34 201
2 35 227
2 36 209
2 37 10
2 38 416
2 39 281
2 40 375
2 41 216
2 42 199
2 43 257
2 44 341
2 45 331
2 46 46
2 47 183
2 48 81
3 4 586
3 5 150
3 6 84
3 7 397
3 8 256
3 9 522
3 10 530
3 11 160
3 12 577
3 13 359
3 14 526
3 15 560
3 16 105
3 17 560
3 18 626
3 19 90
3 20 333
3 21 7
3 22 600
3 23 331
3 24 125
3 25 318
3 26 398
3 27 399
3 28 648
3 29 90
3 30 272
3 31 165
3 32 78
3 33 623
3 34 85
3 35 97
3 36 452
3 37 260
3 38 632
3 39 233
3 40 492
3 41 240
3 42 91
3 43 425
3 44 381
3 45 473
3 46 297
3 47 207
3 48 329
4 5 509
4 6 502
4 7 197
4 8 416
4 9 68
4 10 289
4 11 425
4 12 67
4 13 479
4 14 69
4 15 101
4 16 520
4 17 403
4 18 354
4 19 548
4 20 488
4 21 582
4 22 24
4 23 277
4 24 532
4 25 411
4 26 215
4 27 362
4 28 73
4 29 605
4 30 522
4 31 421
4 32 534
4 33 89
4 34 501
4 35 497
4 36 318
4 37 436
4 38 202
4 39 396
4 40 107
4 41 351
4 42 592
4 43 179
4 44 256
4 45 113
4 46 424
4 47 379
4 48 436
5 6 129
5 7 312
5 8 300
5 9 454
5 10 396
5 11 133
5 12 518
5 13 209
5 14 460
5 15 462
5 16 198
5 17 413
5 18 486
5 19 62
5 20 182
5 21 153
5 22 519
5 23 233
5 24 29
5 25 172
5 26 362
5 27 257
5 28 561
5 29 107
5 30 126
5 31 129
5 32 179
5 33 528
5 34 126
5 35 156
5 36 315
5 37 114
5 38 515
5 39 257
5 40 433
5 41 216
5 42 94
5 43 333
5 44 363
5 45 398
5 46 150
5 47 176
5 48 179
6 7 315
6 8 190
6 9 438
6 10 464
6 11 77
6 12 493
6 13 327
6 14 441
6 15 479
6 16 69
6 17 506
6 18 564
6 19 96
6 20 303
6 21 79
6 22 517
6 23 253
6 24 117
6 25 270
6 26 313
6 27 342
6 28 565
6 29 138
6 30 255
6 31 84
6 32 54
6 33 541
6 34 3
6 35 27
6 36 389
6 37 216
6 38 557
6 39 157
6 40 407
6 41 155
6 42 130
6 43 344
6 44 299
6 45 389
6 46 251
6 47 122
6 48 287
7 8 282
7 9 145
7 10 224
7 11 237
7 12 212
7 13 310
7 14 153
7 15 165
7 16 345
7 17 323
7 18 327
7 19 351
7 20 312
7 21 393
7 22 207
7 23 80
7 24 334
7 25 231
7 26 132
7 27 210
7 28 253
7 29 408
7 30 333
7 31 231
7 32 354
7 33 226
7 34 313
7 35 315
7 36 197
7 37 244
7 38 257
7 39 245
7 40 134
7 41 179
7 42 395
7 43 33
7 44 172
7 45 88
7 46 239
7 47 196
7 48 259
8 9 348
8 10 494
8 11 170
8 12 384
8 13 453
8 14 347
8 15 434
8 16 152
8 17 572
8 18 599
8 19 285
8 20 437
8 21 249
8 22 437
8 23 268
8 24 298
8 25 375
8 26 201
8 27 417
8 28 488
8 29 327
8 30 409
8 31 177
8 32 179
8 33 482
8 34 192
8 35 165
8 36 440
8 37 339
8 38 537
8 39 48
8 40 309
8 41 124
8 42 320
8 43 315
8 44 164
8 45 320
8 46 364
8 47 147
8 48 401
9 10 291
9 11 362
9 12 67
9 13 447
9 14 10
9 15 123
9 16 453
9 17 404
9 18 372
9 19 489
9 20 452
9 21 518
9 22 89
9 23 226
9 24 475
9 25 373
9 26 147
9 27 335
9 28 140
9 29 546
9 30 479
9 31 359
9 32 468
9 33 143
9 34 437
9 35 432
9 36 301
9 37 390
9 38 238
9 39 328
9 40 40
9 41 285
9 42 533
9 43 136
9 44 188
9 45 58
9 46 383
9 47 315
9 48 399
10 11 394
10 12 346
10 13 256
10 14 301
10 15 188
10 16 516
10 17 114
10 18 105
10 19 455
10 20 278
10 21 529
10 22 278
10 23 228
10 24 425
10 25 231
10 26 354
10 27 145
10 28 287
10 29 503
10 30 338
10 31 385
10 32 515
10 33 236
10 34 461
10 35 476
10 36 82
10 37 284
10 38 150
10 39 451
10 40 310
10 41 375
10 42 490
10 43 198
10 44 396
10 45 252
10 46 252
10 47 373
10 48 239
11 12 419
11 13 291
11 14 366
11 15 402
11 16 121
11 17 446
11 18 496
11 19 137
11 20 272
11 21 156
11 22 440
11 23 177
11 24 138
11 25 221
11 26 245
11 27 283
11 28 487
11 29 191
11 30 239
11 31 9
11 32 122
11 33 464
11 34 76
11 35 82
11 36 323
11 37 175
11 38 480
11 39 124
11 40 333
11 41 89
11 42 180
11 43 266
11 44 238
11 45 313
11 46 206
11 47 49
11 48 244
12 13 514
12 14 59
12 15 163
12 16 501
12 17 460
12 18 418
12 19 549
12 20 520
12 21 572
12 22 90
12 23 292
12 24 537
12 25 440
12 26 186
12 27 401
12 28 130
12 29 606
12 30 546
12 31 417
12 32 519
12 33 156
12 34 492
12 35 485
12 36 365
12 37 457
12 38 270
12 39 371
12 40 85
12 41 338
12 42 594
12 43 203
12 44 219
12 45 125
12 46 450
12 47 370
12 48 467
13 14 456
13 15 397
13 16 395
13 17 227
13 18 317
13 19 270
13 20 28
13 21 362
13 22 478
13 23 241
13 24 235
13 25 83
13 26 420
13 27 121
13 28 507
13 29 300
13 30 98
13 31 282
13 32 381
13 33 461
13 34 323
13 35 350
13 36 180
13 37 115
13 38 402
13 39 404
13 40 443
13 41 335
13 42 289
13 43 311
13 44 443
13 45 390
13 46 88
13 47 306
13 48 54
14 15 132
14 16 455
14 17 414
14 18 382
14 19 494
14 20 461
14 21 521
14 22 92
14 23 233
14 24 480
14 25 381
14 26 146
14 27 345
14 28 142
14 29 551
14 30 487
14 31 363
14 32 470
14 33 149
14 34 440
14 35 435
14 36 312
14 37 398
14 38 247
14 39 328
14 40 38
14 41 288
14 42 538
14 43 145
14 44 186
14 45 66
14 46 391
14 47 318
14 48 408
15 16 510
15 17 302
15 18 254
15 19 508
15 20 411
15 21 557
15 22 89
15 23 231
15 24 487
15 25 338
15 26 244
15 27 277
15 28 109
15 29 564
15 30 453
15 31 395
15 32 520
15 33 66
15 34 477
15 35 481
15 36 226
15 37 373
15 38 116
15 39 403
15 40 156
15 41 343
15 42 551
15 43 135
15 44 289
15 45 117
15 46 354
15 47 361
15 48 360
16 17 566
16 18 618
16 19 158
16 20 372
16 21 98
16 22 537
16 23 295
16 24 184
16 25 334
16 26 316
16 27 402
16 28 587
16 29 186
16 30 324
16 31 130
16 32 27
16 33 569
16 34 73
16 35 44
16 36 445
16 37 282
16 38 597
16 39 137
16 40 418
16 41 169
16 42 183
16 43 377
16 44 292
16 45 410
16 46 316
16 47 150
16 48 353
17 18 100
17 19 476
17 20 254
17 21 561
17 22 391
17 23 304
17 24 442
17 25 241
17 26 455
17 27 164
17 28 397
17 29 516
17 30 323
17 31 437
17 32 561
17 33 345
17 34 503
17 35 523
17 36 131
17 37 300
17 38 243
17 39 525
17 40 422
17 41 448
17 42 504
17 43 301
17 44 494
17 45 363
17 46 263
17 47 437
17 48 235
18 19 547
18 20 343
18 21 626
18 22 338
18 23 333
18 24 515
18 25 315
18 26 453
18 27 229
18 28 332
18 29 592
18 30 410
18 31 487
18 32 616
18 33 282
18 34 561
18 35 577
18 36 174
18 37 372
18 38 166
18 39 556
18 40 398
18 41 481
18 42 579
18 43 298
18 44 497
18 45 343
18 46 337
18 47 477
18 48 315
19 20 243
19 21 93
19 22 559
19 23 277
19 24 35
19 25 234
19 26 381
19 27 318
19 28 604
19 29 57
19 30 182
19 31 136
19 32 134
19 33 574
19 34 94
19 35 124
19 36 375
19 37 176
19 38 569
19 39 248
19 40 463
19 41 226
19 42 44
19 43 376
19 44 375
19 45 435
19 46 212
19 47 186
19 48 242
20 21 336
20 22 489
20 23 239
20 24 208
20 25 81
20 26 416
20 27 137
20 28 520
20 29 271
20 30 69
20 31 263
20 32 357
20 33 475
20 34 300
20 35 328
20 36 199
20 37 98
20 38 422
20 39 388
20 40 447
20 41 321
20 42 261
20 43 316
20 44 437
20 45 395
20 46 78
20 47 290
20 48 53
