71 30 1665
1 3
2 3
3 3
4 3
5 3
6 3
7 3
8 4
9 4
10 3
11 2
12 3
13 3
14 4
15 2
16 3
17 2
18 3
19 2
20 3
21 2
22 2
23 3
24 3
25 3
26 3
27 3
28 2
29 4
30 3
1 2 288
1 3 275
1 4 90
1 5 148
1 6 308
1 7 245
1 8 247
1 9 226
1 10 318
1 11 368
1 12 255
1 13 221
1 14 277
1 15 329
1 16 319
1 17 292
1 18 305
1 19 25
1 20 271
1 21 265
1 22 134
1 23 205
1 24 267
1 25 202
1 26 233
1 27 324
1 28 304
1 29 54
1 30 104
1 31 200
1 32 294
1 33 137
1 34 194
1 35 219
1 36 19
1 37 377
1 38 261
1 39 223
1 40 116
1 41 169
1 42 333
1 43 187
1 44 245
1 45 102
1 46 220
1 47 158
1 48 285
1 49 271
1 50 237
1 51 145
1 52 161
1 53 246
1 54 285
1 55 282
1 56 142
1 57 152
1 58 316
1 59 35
1 60 307
1 61 220
1 62 179
1 63 50
1 64 175
1 65 276
1 66 296
1 67 353
1 68 184
1 69 294
1 70 85
1 71 337
2 3 546
2 4 209
2 5 147
2 6 296
2 7 108
2 8 530
2 9 427
2 10 141
2 11 657
2 12 215
2 13 392
2 14 430
2 15 535
2 16 607
2 17 550
2 18 516
2 19 296
2 20 20
2 21 481
2 22 423
2 23 419
2 24 218
2 25 489
2 26 282
2 27 589
2 28 493
2 29 235
2 30 185
2 31 97
2 32 499
2 33 162
2 34 395
2 35 506
2 36 307
2 37 474
2 38 124
2 39 351
2 40 384
2 41 153
2 42 322
2 43 238
2 44 532
2 45 241
2 46 475
2 47 228
2 48 560
2 49 558
2 50 444
2 51 417
2 52 419
2 53 263
2 54 454
2 55 87
2 56 154
2 57 389
2 58 523
2 59 305
2 60 532
2 61 375
2 62 459
2 63 331
2 64 386
2 65 243
2 66 585
2 67 79
2 68 472
2 69 519
2 70 206
2 71 624
3 4 365
3 5 420
3 6 419
3 7 472
3 8 60
3 9 175
3 10 526
3 11 176
3 12 421
3 13 221
3 14 244
3 15 427
3 16 124
3 17 46
3 18 404
3 19 258
3 20 532
3 21 142
3 22 171
3 23 354
3 24 431
3 25 173
3 26 350
3 27 52
3 28 432
3 29 321
3 30 364
3 31 469
3 32 163
3 33 411
3 34 365
3 35 99
3 36 263
3 37 343
3 38 477
3 39 273
3 40 259
3 41 445
3 42 429
3 43 349
3 44 98
3 45 307
3 46 292
3 47 339
3 48 257
3 49 178
3 50 164
3 51 246
3 52 128
3 53 378
3 54 222
3 55 512
3 56 392
3 57 312
3 58 417
3 59 247
3 60 127
3 61 419
3 62 220
3 63 225
3 64 182
3 65 423
3 66 142
3 67 596
3 68 171
3 69 376
3 70 359
3 71 200
4 5 62
4 6 310
4 7 193
4 8 337
4 9 297
4 10 269
4 11 453
4 12 239
4 13 281
4 14 335
4 15 350
4 16 406
4 17 380
4 18 328
4 19 107
4 20 190
4 21 342
4 22 220
4 23 226
4 24 251
4 25 282
4 26 248
4 27 414
4 28 315
4 29 51
4 30 55
4 31 114
4 32 369
4 33 48
4 34 206
4 35 307
4 36 105
4 37 421
4 38 213
4 39 267
4 40 175
4 41 79
4 42 338
4 43 191
4 44 333
4 45 119
4 46 269
4 47 162
4 48 351
4 49 351
4 50 310
4 51 208
4 52 247
4 53 250
4 54 348
4 55 222
4 56 89
4 57 186
4 58 337
4 59 119
4 60 388
4 61 208
4 62 249
4 63 139
4 64 246
4 65 267
4 66 381
4 67 281
4 68 265
4 69 325
4 70 15
4 71 417
5 6 298
5 7 148
5 8 396
5 9 333
5 10 223
5 11 515
5 12 219
5 13 310
5 14 359
5 15 399
5 16 467
5 17 431
5 18 377
5 19 161
5 20 128
5 21 383
5 22 281
5 23 277
5 24 229
5 25 344
5 26 247
5 27 467
5 28 360
5 29 98
5 30 63
5 31 52
5 32 406
5 33 15
5 34 255
5 35 368
5 36 165
5 37 434
5 38 171
5 39 285
5 40 236
5 41 40
5 42 327
5 43 190
5 44 393
5 45 141
5 46 328
5 47 165
5 48 412
5 49 413
5 50 348
5 51 269
5 52 298
5 53 243
5 54 377
5 55 171
5 56 66
5 57 242
5 58 386
5 59 172
5 60 430
5 61 246
5 62 311
5 63 195
5 64 285
5 65 249
5 66 443
5 67 221
5 68 327
5 69 378
5 70 62
5 71 479
6 7 189
6 8 437
6 9 246
6 10 179
6 11 583
6 12 84
6 13 199
6 14 198
6 15 637
6 16 527
6 17 398
6 18 613
6 19 290
6 20 299
6 21 294
6 22 395
6 23 512
6 24 78
6 25 465
6 26 77
6 27 439
6 28 610
6 29 278
6 30 255
6 31 301
6 32 294
6 33 307
6 34 500
6 35 437
6 36 322
6 37 191
6 38 172
6 39 145
6 40 419
6 41 337
6 42 28
6 43 121
6 44 460
6 45 206
6 46 522
6 47 151
6 48 567
6 49 524
6 50 260
6 51 444
6 52 310
6 53 61
6 54 228
6 55 212
6 56 232
6 57 461
6 58 624
6 59 289
6 60 339
6 61 515
6 62 466
6 63 308
6 64 240
6 65 53
6 66 524
6 67 287
6 68 448
6 69 601
6 70 295
6 71 580
7 8 465
7 9 334
7 10 75
7 11 602
7 12 107
7 13 295
7 14 327
7 15 543
7 16 549
7 17 469
7 18 521
7 19 243
7 20 109
7 21 389
7 22 374
7 23 419
7 24 111
7 25 445
7 26 176
7 27 509
7 28 506
7 29 193
7 30 145
7 31 127
7 32 403
7 33 162
7 34 399
7 35 448
7 36 264
7 37 366
7 38 23
7 39 249
7 40 357
7 41 178
7 42 216
7 43 137
7 44 474
7 45 167
7 46 458
7 47 135
7 48 531
7 49 514
7 50 351
7 51 389
7 52 344
7 53 155
7 54 353
7 55 40
7 56 106
7 57 377
7 58 530
7 59 250
7 60 440
7 61 394
7 62 425
7 63 276
7 64 299
7 65 136
7 66 533
7 67 126
7 68 427
7 69 518
7 70 182
7 71 579
8 9 205
8 10 526
8 11 145
8 12 428
8 13 246
8 14 279
8 15 367
8 16 89
8 17 105
8 18 345
8 19 235
8 20 515
8 21 185
8 22 126
8 23 299
8 24 439
8 25 114
8 26 364
8 27 108
8 28 374
8 29 298
8 30 345
8 31 447
8 32 211
8 33 385
8 34 312
8 35 41
8 36 232
8 37 385
8 38 474
8 39 294
8 40 210
8 41 416
8 42 451
8 43 353
8 44 38
8 45 298
8 46 233
8 47 338
8 48 197
8 49 120
8 50 198
8 51 193
8 52 128
8 53 391
8 54 261
8 55 506
8 56 377
8 57 260
8 58 357
8 59 225
8 60 181
8 61 367
8 62 163
8 63 200
8 64 197
8 65 434
8 66 93
8 67 586
8 68 114
8 69 316
8 70 333
8 71 152
9 10 374
9 11 347
9 12 262
9 13 46
9 14 76
9 15 503
9 16 292
9 17 151
9 18 478
9 19 200
9 20 417
9 21 55
9 22 217
9 23 396
9 24 269
9 25 271
9 26 184
9 27 193
9 28 492
9 29 245
9 30 270
9 31 371
9 32 73
9 33 330
9 34 395
9 35 218
9 36 225
9 37 187
9 38 333
9 39 101
9 40 285
9 41 368
9 42 254
9 43 198
9 44 236
9 45 193
9 46 367
9 47 199
9 48 376
9 49 313
9 50 16
9 51 294
9 52 100
9 53 212
9 54 67
9 55 374
9 56 283
9 57 342
9 58 490
9 59 190
9 60 106
9 61 435
9 62 294
9 63 186
9 64 51
9 65 257
9 66 298
9 67 460
9 68 257
9 69 456
9 70 284
9 71 357
10 11 666
10 12 115
10 13 331
10 14 353
10 15 619
10 16 611
10 17 518
10 18 597
10 19 313
10 20 152
10 21 429
10 22 443
10 23 495
10 24 111
10 25 515
10 26 197
10 27 559
10 28 582
10 29 267
10 30 220
10 31 195
10 32 439
10 33 237
10 34 475
10 35 512
10 36 337
10 37 369
10 38 57
10 39 279
10 40 431
10 41 250
10 42 200
10 43 178
10 44 538
10 45 231
10 46 533
10 47 188
10 48 603
10 49 583
10 50 391
10 51 462
10 52 400
10 53 169
10 54 381
10 55 58
10 56 181
10 57 453
10 58 606
10 59 319
10 60 479
10 61 470
10 62 497
10 63 345
10 64 347
10 65 133
10 66 598
10 67 109
10 68 497
10 69 594
10 70 258
10 71 646
11 12 572
11 13 390
11 14 419
11 15 361
11 16 56
11 17 215
11 18 347
11 19 362
11 20 640
11 21 318
11 22 234
11 23 344
11 24 583
11 25 175
11 26 510
11 27 189
11 28 385
11 29 422
11 30 472
11 31 567
11 32 339
11 33 502
11 34 365
11 35 154
11 36 351
11 37 520
11 38 612
11 39 440
11 40 293
11 41 529
11 42 596
11 43 497
11 44 128
11 45 435
11 46 260
11 47 480
11 48 174
11 49 113
11 50 338
11 51 264
11 52 274
11 53 536
11 54 398
11 55 642
11 56 507
11 57 324
11 58 356
11 59 354
11 60 299
11 61 422
11 62 221
11 63 328
11 64 343
11 65 579
11 66 72
11 67 719
11 68 190
11 69 315
11 70 453
11 71 65
12 13 217
12 14 237
12 15 581
12 16 517
12 17 409
12 18 556
12 19 242
12 20 216
12 21 315
12 22 363
12 23 454
12 24 12
12 25 435
12 26 81
12 27 451
12 28 550
12 29 216
12 30 184
12 31 218
12 32 324
12 33 229
12 34 439
12 35 420
12 36 272
12 37 261
12 38 92
12 39 164
12 40 371
12 41 257
12 42 112
12 43 76
12 44 445
12 45 154
12 46 475
12 47 99
12 48 532
12 49 500
12 50 278
12 51 399
12 52 300
12 53 54
12 54 265
12 55 134
12 56 155
12 57 405
12 58 567
12 59 244
12 60 365
12 61 448
12 62 427
12 63 268
12 64 239
12 65 31
12 66 508
12 67 216
12 68 417
12 69 548
12 70 225
12 71 560
13 14 56
13 15 520
13 16 335
13 17 198
13 18 495
13 19 195
13 20 384
13 21 98
13 22 240
13 23 407
13 24 224
13 25 300
13 26 138
13 27 240
13 28 505
13 29 230
13 30 247
13 31 344
13 32 108
13 33 308
13 34 403
13 35 254
13 36 225
13 37 163
13 38 292
13 39 54
13 40 298
13 41 347
13 42 208
13 43 158
13 44 275
13 45 168
13 46 387
13 47 163
13 48 406
13 49 348
13 50 61
13 51 311
13 52 129
13 53 167
13 54 67
13 55 334
13 56 254
13 57 352
13 58 507
13 59 187
13 60 148
13 61 439
13 62 318
13 63 189
13 64 59
13 65 211
13 66 338
13 67 420
13 68 285
13 69 475
13 70 267
13 71 396
14 15 574
14 16 365
14 17 212
14 18 548
14 19 252
14 20 424
14 21 103
14 22 291
14 23 462
14 24 242
14 25 347
14 26 156
14 27 252
14 28 560
14 29 285
14 30 297
14 31 390
14 32 96
14 33 359
14 34 459
14 35 294
14 36 281
14 37 111
14 38 321
14 39 78
14 40 353
14 41 398
14 42 199
14 43 192
14 44 312
14 45 218
14 46 439
14 47 204
14 48 452
14 49 389
14 50 81
14 51 364
14 52 176
14 53 183
14 54 29
14 55 364
14 56 301
14 57 408
14 58 561
14 59 243
14 60 143
14 61 495
14 62 368
14 63 245
14 64 112
14 65 224
14 66 373
14 67 450
14 68 333
14 69 528
14 70 320
14 71 432
15 16 356
15 17 470
15 18 25
15 19 349
15 20 515
15 21 515
15 22 286
15 23 126
15 24 593
15 25 254
15 26 563
15 27 474
15 28 47
15 29 364
15 30 402
15 31 440
15 32 546
15 33 383
15 34 144
15 35 327
15 36 315
15 37 683
15 38 564
15 39 540
15 40 223
15 41 382
15 42 663
15 43 517
15 44 331
15 45 431
15 46 138
15 47 487
15 48 188
15 49 265
15 50 506
15 51 209
15 52 403
15 53 576
15 54 570
15 55 570
15 56 440
15 57 176
15 58 13
15 59 351
15 60 533
15 61 162
15 62 213
15 63 338
15 64 461
15 65 604
15 66 317
15 67 614
15 68 259
15 69 50
15 70 362
15 71 296
16 17 167
16 18 338
16 19 311
16 20 590
16 21 266
16 22 186
16 23 319
16 24 527
16 25 137
16 26 453
16 27 146
16 28 374
16 29 372
16 30 421
16 31 519
16 32 287
16 33 455
16 34 337
16 35 101
16 36 302
16 37 467
16 38 558
16 39 384
16 40 254
16 41 483
16 42 540
16 43 441
16 44 74
16 45 381
16 46 239
16 47 424
16 48 169
16 49 91
16 50 283
16 51 228
16 52 217
16 53 480
16 54 344
16 55 588
16 56 456
16 57 292
16 58 349
16 59 302
16 60 251
16 61 395
16 62 187
16 63 276
16 64 286
16 65 523
16 66 38
16 67 667
16 68 148
16 69 307
16 70 404
16 71 80
17 18 447
17 19 272
17 20 537
17 21 108
17 22 204
17 23 392
17 24 418
17 25 215
17 26 334
17 27 42
17 28 473
17 29 333
17 30 373
17 31 478
17 32 124
17 33 424
17 34 401
17 35 142
17 36 282
17 37 306
17 38 472
17 39 253
17 40 291
17 41 459
17 42 405
17 43 340
17 44 143
17 45 308
17 46 334
17 47 333
17 48 302
17 49 224
17 50 138
17 51 282
17 52 133
17 53 362
17 54 187
17 55 509
17 56 397
17 57 346
17 58 459
17 59 261
17 60 84
17 61 453
17 62 260
17 63 242
17 64 171
17 65 407
17 66 188
17 67 594
17 68 212
17 69 419
17 70 372
17 71 245
18 19 323
18 20 495
18 21 491
18 22 261
18 23 102
18 24 568
18 25 231
18 26 538
18 27 453
18 28 42
18 29 340
18 30 379
18 31 420
18 32 522
18 33 362
18 34 122
18 35 305
18 36 290
18 37 658
18 38 541
18 39 515
18 40 198
18 41 362
18 42 638
18 43 492
18 44 310
18 45 406
18 46 114
18 47 463
18 48 172
18 49 247
18 50 481
18 51 184
18 52 378
18 53 551
18 54 545
18 55 548
18 56 417
18 57 152
18 58 12
18 59 326
18 60 510
18 61 146
18 62 189
18 63 312
18 64 436
18 65 579
18 66 299
18 67 594
18 68 236
18 69 31
18 70 339
18 71 282
19 20 280
19 21 240
19 22 131
19 23 226
19 24 254
19 25 202
19 26 214
19 27 306
19 28 325
19 29 63
19 30 110
19 31 211
19 32 269
19 33 152
19 34 216
19 35 210
19 36 33
19 37 352
19 38 257
19 39 199
19 40 129
19 41 187
19 42 314
19 43 171
19 44 236
19 45 88
19 46 233
19 47 144
19 48 291
19 49 270
19 50 212
19 51 156
19 52 140
19 53 229
19 54 259
19 55 281
19 56 145
19 57 172
19 58 335
19 59 11
19 60 283
19 61 245
19 62 186
19 63 35
19 64 149
19 65 261
19 66 291
19 67 356
19 68 184
19 69 311
19 70 100
19 71 335
20 21 471
20 22 406
20 23 399
20 24 220
20 25 471
20 26 279
20 27 576
20 28 473
20 29 218
20 30 169
20 31 77
20 32 490
20 33 143
20 34 375
20 35 490
20 36 289
20 37 472
20 38 128
20 39 345
20 40 365
20 41 133
20 42 325
20 43 232
20 44 516
20 45 229
20 46 455
20 47 220
20 48 541
20 49 540
20 50 434
20 51 398
20 52 405
20 53 262
20 54 447
20 55 95
20 56 140
20 57 369
20 58 502
20 59 289
20 60 522
20 61 355
20 62 440
20 63 315
20 64 376
20 65 245
20 66 568
20 67 99
20 68 454
20 69 499
20 70 188
20 71 606
21 22 230
21 23 417
21 24 323
21 25 271
21 26 236
21 27 148
21 28 509
21 29 291
21 30 320
21 31 423
21 32 31
21 33 378
21 34 420
21 35 208
21 36 262
21 37 201
21 38 388
21 39 152
21 40 307
21 41 416
21 42 298
21 43 253
21 44 221
21 45 245
21 46 377
21 47 254
21 48 372
21 49 302
21 50 38
21 51 310
21 52 116
21 53 265
21 54 79
21 55 429
21 56 336
21 57 365
21 58 504
21 59 229
21 60 51
21 61 464
21 62 303
21 63 220
21 64 98
21 65 309
21 66 278
21 67 515
21 68 260
21 69 467
21 70 331
21 71 337
22 23 190
22 24 375
22 25 72
22 26 317
22 27 224
22 28 279
22 29 188
22 30 239
22 31 333
22 32 261
22 33 269
22 34 197
22 35 90
22 36 116
22 37 402
22 38 387
22 39 271
22 40 87
22 41 297
22 42 415
22 43 287
22 44 113
22 45 213
22 46 149
22 47 264
22 48 172
22 49 139
22 50 220
22 51 81
22 52 117
22 53 338
22 54 285
22 55 413
22 56 275
22 57 142
22 58 274
22 59 124
22 60 252
22 61 249
22 62 77
22 63 98
22 64 181
22 65 377
22 66 162
22 67 487
22 68 54
22 69 238
22 70 219
22 71 204
23 24 466
23 25 188
23 26 439
23 27 406
23 28 99
23 29 238
23 30 277
23 31 322
23 32 448
23 33 262
23 34 26
23 35 258
23 36 192
23 37 569
23 38 439
23 39 421
23 40 110
23 41 266
23 42 538
23 43 391
23 44 270
23 45 306
23 46 84
23 47 362
23 48 181
23 49 231
23 50 402
23 51 109
23 52 301
23 53 451
23 54 462
23 55 447
23 56 314
23 57 54
23 58 112
23 59 230
23 60 443
23 61 79
23 62 136
23 63 219
23 64 350
23 65 478
23 66 281
23 67 497
23 68 184
23 69 100
23 70 237
23 71 285
24 25 447
24 26 87
24 27 460
24 28 561
24 29 228
24 30 195
24 31 226
24 32 330
24 33 239
24 34 451
24 35 431
24 36 285
24 37 261
24 38 94
24 39 171
24 40 383
24 41 266
24 42 105
24 43 87
24 44 456
24 45 166
24 46 487
24 47 111
24 48 544
24 49 511
24 50 285
24 51 411
24 52 310
24 53 58
24 54 271
24 55 136
24 56 165
24 57 417
24 58 579
24 59 257
24 60 372
24 61 459
24 62 439
24 63 280
24 64 249
24 65 25
24 66 519
24 67 215
24 68 429
24 69 560
24 70 236
24 71 571
25 26 388
25 27 222
25 28 259
25 29 256
25 30 307
25 31 396
25 32 300
25 33 330
25 34 204
25 35 73
25 36 183
25 37 458
25 38 459
25 39 336
25 40 118
25 41 355
25 42 484
25 43 360
25 44 82
25 45 285
25 46 119
25 47 337
25 48 105
25 49 69
25 50 270
25 51 91
25 52 171
25 53 409
25 54 336
25 55 483
25 56 344
25 57 156
25 58 244
25 59 196
25 60 282
25 61 261
25 62 51
25 63 170
25 64 241
25 65 449
25 66 104
25 67 555
25 68 18
25 69 204
25 70 283
25 71 135
26 27 376
26 28 537
26 29 210
26 30 195
26 31 262
26 32 243
26 33 253
26 34 427
26 35 361
26 36 247
26 37 193
26 38 167
26 39 84
26 40 343
26 41 288
26 42 100
26 43 57
26 44 386
26 45 135
26 46 445
26 47 85
26 48 490
26 49 447
26 50 199
26 51 367
26 52 236
26 53 28
26 54 184
26 55 210
26 56 181
26 57 386
26 58 549
26 59 212
26 60 286
26 61 446
26 62 388
26 63 231
26 64 168
26 65 73
26 66 449
26 67 294
26 68 370
26 69 525
26 70 232
26 71 504
27 28 482
27 29 368
27 30 409
27 31 515
27 32 160
27 33 458
27 34 418
27 35 149
27 36 313
27 37 341
27 38 513
27 39 295
27 40 311
27 41 493
27 42 446
27 43 381
27 44 143
27 45 347
27 46 341
27 47 374
27 48 298
27 49 217
27 50 179
27 51 298
27 52 170
27 53 404
27 54 226
27 55 550
27 56 435
27 57 364
27 58 465
27 59 295
27 60 115
27 61 472
27 62 271
27 63 274
27 64 212
27 65 449
27 66 174
27 67 635
27 68 222
27 69 424
27 70 407
27 71 227
28 29 333
28 30 369
28 31 399
28 32 541
28 33 345
28 34 111
28 35 333
28 36 291
28 37 668
28 38 527
28 39 521
28 40 207
28 41 341
28 42 636
28 43 489
28 44 340
28 45 403
28 46 140
28 47 459
28 48 211
28 49 282
28 50 497
28 51 199
28 52 394
28 53 548
28 54 559
28 55 531
28 56 405
28 57 154
28 58 39
28 59 329
28 60 531
28 61 117
28 62 213
28 63 318
28 64 448
28 65 574
28 66 335
28 67 572
28 68 261
28 69 71
28 70 328
28 71 321
29 30 50
29 31 148
29 32 318
29 33 90
29 34 222
29 35 272
29 36 72
29 37 374
29 38 210
29 39 219
29 40 163
29 41 126
29 42 305
29 43 157
29 44 298
29 45 76
29 46 265
29 47 127
29 48 337
29 49 325
29 50 259
29 51 195
29 52 200
29 53 217
29 54 298
29 55 229
29 56 89
29 57 190
29 58 351
29 59 73
29 60 337
29 61 236
29 62 232
29 63 97
29 64 195
29 65 240
29 66 350
29 67 299
29 68 238
29 69 333
29 70 39
29 71 391
30 31 105
30 32 343
30 33 62
30 34 259
30 35 320
30 36 123
30 37 376
30 38 163
30 39 224
30 40 212
30 41 100
30 42 283
30 43 138
30 44 346
30 45 78
30 46 312
30 47 110
30 48 386
30 49 376
30 50 285
30 51 244
30 52 239
30 53 196
30 54 314
30 55 179
30 56 39
30 57 233
30 58 389
30 59 119
30 60 368
30 61 264
30 62 282
30 63 145
30 64 222
30 65 211
30 66 400
30 67 248
30 68 289
30 69 375
30 70 41
30 71 442
