59 25 1150
1 3
2 4
3 3
4 3
5 3
6 3
7 3
8 2
9 3
10 3
11 4
12 2
13 3
14 3
15 3
16 4
17 2
18 3
19 2
20 2
21 3
22 3
23 3
24 2
25 3
1 2 233
1 3 517
1 4 69
1 5 323
1 6 382
1 7 430
1 8 453
1 9 14
1 10 201
1 11 515
1 12 154
1 13 419
1 14 241
1 15 277
1 16 357
1 17 98
1 18 112
1 19 335
1 20 222
1 21 501
1 22 185
1 23 112
1 24 287
1 25 429
1 26 103
1 27 356
1 28 119
1 29 363
1 30 284
1 31 332
1 32 433
1 33 212
1 34 371
1 35 299
1 36 29
1 37 218
1 38 384
1 39 462
1 40 288
1 41 196
1 42 402
1 43 444
1 44 343
1 45 35
1 46 286
1 47 222
1 48 327
1 49 191
1 50 116
1 51 195
1 52 180
1 53 120
1 54 382
1 55 260
1 56 494
1 57 364
1 58 246
1 59 347
2 3 288
2 4 275
2 5 90
2 6 148
2 7 308
2 8 245
2 9 247
2 10 226
2 11 318
2 12 368
2 13 255
2 14 221
2 15 277
2 16 329
2 17 319
2 18 292
2 19 305
2 20 25
2 21 271
2 22 265
2 23 134
2 24 205
2 25 267
2 26 202
2 27 233
2 28 324
2 29 304
2 30 54
2 31 104
2 32 200
2 33 294
2 34 137
2 35 194
2 36 219
2 37 19
2 38 377
2 39 261
2 40 223
2 41 116
2 42 169
2 43 333
2 44 187
2 45 245
2 46 102
2 47 220
2 48 158
2 49 285
2 50 271
2 51 237
2 52 145
2 53 161
2 54 246
2 55 285
2 56 282
2 57 142
2 58 152
2 59 316
3 4 546
3 5 209
3 6 147
3 7 296
3 8 108
3 9 530
3 10 427
3 11 141
3 12 657
3 13 215
3 14 392
3 15 430
3 16 535
3 17 607
3 18 550
3 19 516
3 20 296
3 21 20
3 22 481
3 23 423
3 24 419
3 25 218
3 26 489
3 27 282
3 28 589
3 29 493
3 30 235
3 31 185
3 32 97
3 33 499
3 34 162
3 35 395
3 36 506
3 37 307
3 38 474
3 39 124
3 40 351
3 41 384
3 42 153
3 43 322
3 44 238
3 45 532
3 46 241
3 47 475
3 48 228
3 49 560
3 50 558
3 51 444
3 52 417
3 53 419
3 54 263
3 55 454
3 56 87
3 57 154
3 58 389
3 59 523
4 5 365
4 6 420
4 7 419
4 8 472
4 9 60
4 10 175
4 11 526
4 12 176
4 13 421
4 14 221
4 15 244
4 16 427
4 17 124
4 18 46
4 19 404
4 20 258
4 21 532
4 22 142
4 23 171
4 24 354
4 25 431
4 26 173
4 27 350
4 28 52
4 29 432
4 30 321
4 31 364
4 32 469
4 33 163
4 34 411
4 35 365
4 36 99
4 37 263
4 38 343
4 39 477
4 40 273
4 41 259
4 42 445
4 43 429
4 44 349
4 45 98
4 46 307
4 47 292
4 48 339
4 49 257
4 50 178
4 51 164
4 52 246
4 53 128
4 54 378
4 55 222
4 56 512
4 57 392
4 58 312
4 59 417
5 6 62
5 7 310
5 8 193
5 9 337
5 10 297
5 11 269
5 12 453
5 13 239
5 14 281
5 15 335
5 16 350
5 17 406
5 18 380
5 19 328
5 20 107
5 21 190
5 22 342
5 23 220
5 24 226
5 25 251
5 26 282
5 27 248
5 28 414
5 29 315
5 30 51
5 31 55
5 32 114
5 33 369
5 34 48
5 35 206
5 36 307
5 37 105
5 38 421
5 39 213
5 40 267
5 41 175
5 42 79
5 43 338
5 44 191
5 45 333
5 46 119
5 47 269
5 48 162
5 49 351
5 50 351
5 51 310
5 52 208
5 53 247
5 54 250
5 55 348
5 56 222
5 57 89
5 58 186
5 59 337
6 7 298
6 8 148
6 9 396
6 10 333
6 11 223
6 12 515
6 13 219
6 14 310
6 15 359
6 16 399
6 17 467
6 18 431
6 19 377
6 20 161
6 21 128
6 22 383
6 23 281
6 24 277
6 25 229
6 26 344
6 27 247
6 28 467
6 29 360
6 30 98
6 31 63
6 32 52
6 33 406
6 34 15
6 35 255
6 36 368
6 37 165
6 38 434
6 39 171
6 40 285
6 41 236
6 42 40
6 43 327
6 44 190
6 45 393
6 46 141
6 47 328
6 48 165
6 49 412
6 50 413
6 51 348
6 52 269
6 53 298
6 54 243
6 55 377
6 56 171
6 57 66
6 58 242
6 59 386
7 8 189
7 9 437
7 10 246
7 11 179
7 12 583
7 13 84
7 14 199
7 15 198
7 16 637
7 17 527
7 18 398
7 19 613
7 20 290
7 21 299
7 22 294
7 23 395
7 24 512
7 25 78
7 26 465
7 27 77
7 28 439
7 29 610
7 30 278
7 31 255
7 32 301
7 33 294
7 34 307
7 35 500
7 36 437
7 37 322
7 38 191
7 39 172
7 40 145
7 41 419
7 42 337
7 43 28
7 44 121
7 45 460
7 46 206
7 47 522
7 48 151
7 49 567
7 50 524
7 51 260
7 52 444
7 53 310
7 54 61
7 55 228
7 56 212
7 57 232
7 58 461
7 59 624
8 9 465
8 10 334
8 11 75
8 12 602
8 13 107
8 14 295
8 15 327
8 16 543
8 17 549
8 18 469
8 19 521
8 20 243
8 21 109
8 22 389
8 23 374
8 24 419
8 25 111
8 26 445
8 27 176
8 28 509
8 29 506
8 30 193
8 31 145
8 32 127
8 33 403
8 34 162
8 35 399
8 36 448
8 37 264
8 38 366
8 39 23
8 40 249
8 41 357
8 42 178
8 43 216
8 44 137
8 45 474
8 46 167
8 47 458
8 48 135
8 49 531
8 50 514
8 51 351
8 52 389
8 53 344
8 54 155
8 55 353
8 56 40
8 57 106
8 58 377
8 59 530
9 10 205
9 11 526
9 12 145
9 13 428
9 14 246
9 15 279
9 16 367
9 17 89
9 18 105
9 19 345
9 20 235
9 21 515
9 22 185
9 23 126
9 24 299
9 25 439
9 26 114
9 27 364
9 28 108
9 29 374
9 30 298
9 31 345
9 32 447
9 33 211
9 34 385
9 35 312
9 36 41
9 37 232
9 38 385
9 39 474
9 40 294
9 41 210
9 42 416
9 43 451
9 44 353
9 45 38
9 46 298
9 47 233
9 48 338
9 49 197
9 50 120
9 51 198
9 52 193
9 53 128
9 54 391
9 55 261
9 56 506
9 57 377
9 58 260
9 59 357
10 11 374
10 12 347
10 13 262
10 14 46
10 15 76
10 16 503
10 17 292
10 18 151
10 19 478
10 20 200
10 21 417
10 22 55
10 23 217
10 24 396
10 25 269
10 26 271
10 27 184
10 28 193
10 29 492
10 30 245
10 31 270
10 32 371
10 33 73
10 34 330
10 35 395
10 36 218
10 37 225
10 38 187
10 39 333
10 40 101
10 41 285
10 42 368
10 43 254
10 44 198
10 45 236
10 46 193
10 47 367
10 48 199
10 49 376
10 50 313
10 51 16
10 52 294
10 53 100
10 54 212
10 55 67
10 56 374
10 57 283
10 58 342
10 59 490
11 12 666
11 13 115
11 14 331
11 15 353
11 16 619
11 17 611
11 18 518
11 19 597
11 20 313
11 21 152
11 22 429
11 23 443
11 24 495
11 25 111
11 26 515
11 27 197
11 28 559
11 29 582
11 30 267
11 31 220
11 32 195
11 33 439
11 34 237
11 35 475
11 36 512
11 37 337
11 38 369
11 39 57
11 40 279
11 41 431
11 42 250
11 43 200
11 44 178
11 45 538
11 46 231
11 47 533
11 48 188
11 49 603
11 50 583
11 51 391
11 52 462
11 53 400
11 54 169
11 55 381
11 56 58
11 57 181
11 58 453
11 59 606
12 13 572
12 14 390
12 15 419
12 16 361
12 17 56
12 18 215
12 19 347
12 20 362
12 21 640
12 22 318
12 23 234
12 24 344
12 25 583
12 26 175
12 27 510
12 28 189
12 29 385
12 30 422
12 31 472
12 32 567
12 33 339
12 34 502
12 35 365
12 36 154
12 37 351
12 38 520
12 39 612
12 40 440
12 41 293
12 42 529
12 43 596
12 44 497
12 45 128
12 46 435
12 47 260
12 48 480
12 49 174
12 50 113
12 51 338
12 52 264
12 53 274
12 54 536
12 55 398
12 56 642
12 57 507
12 58 324
12 59 356
13 14 217
13 15 237
13 16 581
13 17 517
13 18 409
13 19 556
13 20 242
13 21 216
13 22 315
13 23 363
13 24 454
13 25 12
13 26 435
13 27 81
13 28 451
13 29 550
13 30 216
13 31 184
13 32 218
13 33 324
13 34 229
13 35 439
13 36 420
13 37 272
13 38 261
13 39 92
13 40 164
13 41 371
13 42 257
13 43 112
13 44 76
13 45 445
13 46 154
13 47 475
13 48 99
13 49 532
13 50 500
13 51 278
13 52 399
13 53 300
13 54 54
13 55 265
13 56 134
13 57 155
13 58 405
13 59 567
14 15 56
14 16 520
14 17 335
14 18 198
14 19 495
14 20 195
14 21 384
14 22 98
14 23 240
14 24 407
14 25 224
14 26 300
14 27 138
14 28 240
14 29 505
14 30 230
14 31 247
14 32 344
14 33 108
14 34 308
14 35 403
14 36 254
14 37 225
14 38 163
14 39 292
14 40 54
14 41 298
14 42 347
14 43 208
14 44 158
14 45 275
14 46 168
14 47 387
14 48 163
14 49 406
14 50 348
14 51 61
14 52 311
14 53 129
14 54 167
14 55 67
14 56 334
14 57 254
14 58 352
14 59 507
15 16 574
15 17 365
15 18 212
15 19 548
15 20 252
15 21 424
15 22 103
15 23 291
15 24 462
15 25 242
15 26 347
15 27 156
15 28 252
15 29 560
15 30 285
15 31 297
15 32 390
15 33 96
15 34 359
15 35 459
15 36 294
15 37 281
15 38 111
15 39 321
15 40 78
15 41 353
15 42 398
15 43 199
15 44 192
15 45 312
15 46 218
15 47 439
15 48 204
15 49 452
15 50 389
15 51 81
15 52 364
15 53 176
15 54 183
15 55 29
15 56 364
15 57 301
15 58 408
15 59 561
16 17 356
16 18 470
16 19 25
16 20 349
16 21 515
16 22 515
16 23 286
16 24 126
16 25 593
16 26 254
16 27 563
16 28 474
16 29 47
16 30 364
16 31 402
16 32 440
16 33 546
16 34 383
16 35 144
16 36 327
16 37 315
16 38 683
16 39 564
16 40 540
16 41 223
16 42 382
16 43 663
16 44 517
16 45 331
16 46 431
16 47 138
16 48 487
16 49 188
16 50 265
16 51 506
16 52 209
16 53 403
16 54 576
16 55 570
16 56 570
16 57 440
16 58 176
16 59 13
17 18 167
17 19 338
17 20 311
17 21 590
17 22 266
17 23 186
17 24 319
17 25 527
17 26 137
17 27 453
17 28 146
17 29 374
17 30 372
17 31 421
17 32 519
17 33 287
17 34 455
17 35 337
17 36 101
17 37 302
17 38 467
17 39 558
17 40 384
17 41 254
17 42 483
17 43 540
17 44 441
17 45 74
17 46 381
17 47 239
17 48 424
17 49 169
17 50 91
17 51 283
17 52 228
17 53 217
17 54 480
17 55 344
17 56 588
17 57 456
17 58 292
17 59 349
18 19 447
18 20 272
18 21 537
18 22 108
18 23 204
18 24 392
18 25 418
18 26 215
18 27 334
18 28 42
18 29 473
18 30 333
18 31 373
18 32 478
18 33 124
18 34 424
18 35 401
18 36 142
18 37 282
18 38 306
18 39 472
18 40 253
18 41 291
18 42 459
18 43 405
18 44 340
18 45 143
18 46 308
18 47 334
18 48 333
18 49 302
18 50 224
18 51 138
18 52 282
18 53 133
18 54 362
18 55 187
18 56 509
18 57 397
18 58 346
18 59 459
19 20 323
19 21 495
19 22 491
19 23 261
19 24 102
19 25 568
19 26 231
19 27 538
19 28 453
19 29 42
19 30 340
19 31 379
19 32 420
19 33 522
19 34 362
19 35 122
19 36 305
19 37 290
19 38 658
19 39 541
19 40 515
19 41 198
19 42 362
19 43 638
19 44 492
19 45 310
19 46 406
19 47 114
19 48 463
19 49 172
19 50 247
19 51 481
19 52 184
19 53 378
19 54 551
19 55 545
19 56 548
19 57 417
19 58 152
19 59 12
20 21 280
20 22 240
20 23 131
20 24 226
20 25 254
20 26 202
20 27 214
20 28 306
20 29 325
20 30 63
20 31 110
20 32 211
20 33 269
20 34 152
20 35 216
20 36 210
20 37 33
20 38 352
20 39 257
20 40 199
20 41 129
20 42 187
20 43 314
20 44 171
20 45 236
20 46 88
20 47 233
20 48 144
20 49 291
20 50 270
20 51 212
20 52 156
20 53 140
20 54 229
20 55 259
20 56 281
20 57 145
20 58 172
20 59 335
21 22 471
21 23 406
21 24 399
21 25 220
21 26 471
21 27 279
21 28 576
21 29 473
21 30 218
21 31 169
21 32 77
21 33 490
21 34 143
21 35 375
21 36 490
21 37 289
21 38 472
21 39 128
21 40 345
21 41 365
21 42 133
21 43 325
21 44 232
21 45 516
21 46 229
21 47 455
21 48 220
21 49 541
21 50 540
21 51 434
21 52 398
21 53 405
21 54 262
21 55 447
21 56 95
21 57 140
21 58 369
21 59 502
22 23 230
22 24 417
22 25 323
22 26 271
22 27 236
22 28 148
22 29 509
22 30 291
22 31 320
22 32 423
22 33 31
22 34 378
22 35 420
22 36 208
22 37 262
22 38 201
22 39 388
22 40 152
22 41 307
22 42 416
22 43 298
22 44 253
22 45 221
22 46 245
22 47 377
22 48 254
22 49 372
22 50 302
22 51 38
22 52 310
22 53 116
22 54 265
22 55 79
22 56 429
22 57 336
22 58 365
22 59 504
23 24 190
23 25 375
23 26 72
23 27 317
23 28 224
23 29 279
23 30 188
23 31 239
23 32 333
23 33 261
23 34 269
23 35 197
23 36 90
23 37 116
23 38 402
23 39 387
23 40 271
23 41 87
23 42 297
23 43 415
23 44 287
23 45 113
23 46 213
23 47 149
23 48 264
23 49 172
23 50 139
23 51 220
23 52 81
23 53 117
23 54 338
23 55 285
23 56 413
23 57 275
23 58 142
23 59 274
24 25 466
24 26 188
24 27 439
24 28 406
24 29 99
24 30 238
24 31 277
24 32 322
24 33 448
24 34 262
24 35 26
24 36 258
24 37 192
24 38 569
24 39 439
24 40 421
24 41 110
24 42 266
24 43 538
24 44 391
24 45 270
24 46 306
24 47 84
24 48 362
24 49 181
24 50 231
24 51 402
24 52 109
24 53 301
24 54 451
24 55 462
24 56 447
24 57 314
24 58 54
24 59 112
25 26 447
25 27 87
25 28 460
25 29 561
25 30 228
25 31 195
25 32 226
25 33 330
25 34 239
25 35 451
25 36 431
25 37 285
25 38 261
25 39 94
25 40 171
25 41 383
25 42 266
25 43 105
25 44 87
25 45 456
25 46 166
25 47 487
25 48 111
25 49 544
25 50 511
25 51 285
25 52 411
25 53 310
25 54 58
25 55 271
25 56 136
25 57 165
25 58 417
25 59 579
